"r" "g" "b" "grey"
"1" 0 0 0 0
"131073" 0 0 0.00784313725490196 0.000894117647058824
"131074" 0.00392156862745098 0 0.00784313725490196 0.00206666666666667
"262146" 0.00392156862745098 0 0.0156862745098039 0.00296078431372549
"65794" 0.00392156862745098 0.00392156862745098 0.00392156862745098 0.00392156862745098
"196612" 0.0117647058823529 0 0.0117647058823529 0.00485882352941176
"6" 0.0196078431372549 0 0 0.00586274509803922
"328193" 0 0.00784313725490196 0.0196078431372549 0.00683921568627451
"458757" 0.0156862745098039 0 0.0274509803921569 0.00781960784313725
"262405" 0.0156862745098039 0.00392156862745098 0.0156862745098039 0.00878039215686274
"917508" 0.0117647058823529 0 0.0549019607843137 0.00977647058823529
"393986" 0.00392156862745098 0.0117647058823529 0.0235294117647059 0.0107607843137255
"1376259" 0.00784313725490196 0 0.0823529411764706 0.0117333333333333
"328198" 0.0196078431372549 0.00784313725490196 0.0196078431372549 0.0127019607843137
"458762" 0.0352941176470588 0 0.0274509803921569 0.0136823529411765
"786949" 0.0156862745098039 0.00784313725490196 0.0470588235294118 0.0146588235294118
"917513" 0.0313725490196078 0 0.0549019607843137 0.0156392156862745
"1245700" 0.0117647058823529 0.00784313725490196 0.0745098039215686 0.0166156862745098
"1376264" 0.0274509803921569 0 0.0823529411764706 0.0175960784313725
"1704451" 0.00784313725490196 0.00784313725490196 0.101960784313725 0.0185725490196078
"1835015" 0.0235294117647059 0 0.109803921568627 0.0195529411764706
"2163202" 0.00392156862745098 0.00784313725490196 0.129411764705882 0.0205294117647059
"263432" 0.0274509803921569 0.0196078431372549 0.0156862745098039 0.0215058823529412
"591619" 0.00784313725490196 0.0274509803921569 0.0352941176470588 0.0224823529411765
"1376269" 0.0470588235294118 0 0.0823529411764706 0.0234588235294118
"1050370" 0.00392156862745098 0.0274509803921569 0.0627450980392157 0.0244392156862745
"1835020" 0.0431372549019608 0 0.109803921568627 0.0254156862745098
"2163207" 0.0235294117647059 0.00784313725490196 0.129411764705882 0.0263921568627451
"263437" 0.0470588235294118 0.0196078431372549 0.0156862745098039 0.0273686274509804
"394001" 0.0627450980392157 0.0117647058823529 0.0235294117647059 0.0283490196078431
"2950145" 0 0.0156862745098039 0.176470588235294 0.0293254901960784
"1050375" 0.0235294117647059 0.0274509803921569 0.0627450980392157 0.0303019607843137
"1180939" 0.0392156862745098 0.0196078431372549 0.0705882352941176 0.0312823529411765
"1509126" 0.0196078431372549 0.0274509803921569 0.0901960784313725 0.0322588235294118
"65819" 0.101960784313725 0.00392156862745098 0.00392156862745098 0.0332352941176471
"2621963" 0.0392156862745098 0.00784313725490196 0.156862745098039 0.0342117647058824
"68107" 0.0392156862745098 0.0392156862745098 0.00392156862745098 0.0351921568627451
"396294" 0.0196078431372549 0.0470588235294118 0.0235294117647059 0.0361686274509804
"1180944" 0.0588235294117647 0.0196078431372549 0.0705882352941176 0.0371450980392157
"1509131" 0.0392156862745098 0.0274509803921569 0.0901960784313725 0.038121568627451
"1639695" 0.0549019607843137 0.0196078431372549 0.0980392156862745 0.0391019607843137
"1967882" 0.0352941176470588 0.0274509803921569 0.117647058823529 0.040078431372549
"2296069" 0.0156862745098039 0.0352941176470588 0.137254901960784 0.0410549019607843
"396299" 0.0392156862745098 0.0470588235294118 0.0235294117647059 0.0420313725490196
"526863" 0.0549019607843137 0.0392156862745098 0.0313725490196078 0.0430117647058823
"855050" 0.0352941176470588 0.0470588235294118 0.0509803921568627 0.0439882352941176
"3867657" 0.0313725490196078 0.0156862745098039 0.231372549019608 0.0449647058823529
"1313801" 0.0313725490196078 0.0470588235294118 0.0784313725490196 0.0459450980392157
"1641988" 0.0117647058823529 0.0549019607843137 0.0980392156862745 0.046921568627451
"198681" 0.0941176470588235 0.0313725490196078 0.0117647058823529 0.0478980392156863
"70405" 0.0156862745098039 0.0745098039215686 0.00392156862745098 0.0488745098039216
"657432" 0.0901960784313725 0.0313725490196078 0.0392156862745098 0.0498549019607843
"529156" 0.0117647058823529 0.0745098039215686 0.0313725490196078 0.0508313725490196
"6226183" 0.0235294117647059 0.00392156862745098 0.372549019607843 0.0518078431372549
"4326413" 0.0470588235294118 0.0156862745098039 0.258823529411765 0.0527843137254902
"1063" 0.149019607843137 0.0156862745098039 0 0.0537647058823529
"329250" 0.129411764705882 0.0235294117647059 0.0196078431372549 0.0547411764705882
"200974" 0.0509803921568627 0.0666666666666667 0.0117647058823529 0.0557176470588235
"3213581" 0.0470588235294118 0.0352941176470588 0.192156862745098 0.0566941176470588
"659725" 0.0470588235294118 0.0666666666666667 0.0392156862745098 0.0576745098039216
"5900289" 0 0.0313725490196078 0.352941176470588 0.0586509803921569
"1068" 0.168627450980392 0.0156862745098039 0 0.0596274509803922
"131632" 0.184313725490196 0.00784313725490196 0.00784313725490196 0.0606078431372549
"3356" 0.105882352941176 0.0509803921568627 0 0.0615843137254902
"4787457" 0 0.0509803921568627 0.286274509803922 0.0625607843137255
"203267" 0.00784313725490196 0.101960784313725 0.0117647058823529 0.0635372549019608
"333831" 0.0235294117647059 0.0941176470588235 0.0196078431372549 0.0645176470588235
"1118481" 0.0627450980392157 0.0666666666666667 0.0666666666666667 0.0654941176470588
"131637" 0.203921568627451 0.00784313725490196 0.00784313725490196 0.0664705882352941
"3361" 0.125490196078431 0.0509803921568627 0 0.0674470588235294
"133925" 0.141176470588235 0.0431372549019608 0.00784313725490196 0.0684274509803922
"5649" 0.0627450980392157 0.0862745098039216 0 0.0694039215686274
"1246762" 0.16078431372549 0.0235294117647059 0.0745098039215686 0.0703803921568627
"8258820" 0.0117647058823529 0.0196078431372549 0.494117647058824 0.071356862745098
"792587" 0.0392156862745098 0.0941176470588235 0.0470588235294118 0.0723372549019608
"2033700" 0.137254901960784 0.0313725490196078 0.12156862745098 0.0733137254901961
"133930" 0.16078431372549 0.0431372549019608 0.00784313725490196 0.0742901960784314
"264494" 0.176470588235294 0.0352941176470588 0.0156862745098039 0.0752705882352941
"136218" 0.0980392156862745 0.0784313725490196 0.00784313725490196 0.0762470588235294
"3605288" 0.152941176470588 0.0117647058823529 0.215686274509804 0.0772235294117647
"336129" 0 0.129411764705882 0.0196078431372549 0.0782
"466693" 0.0156862745098039 0.12156862745098 0.0274509803921569 0.0791803921568627
"1251343" 0.0549019607843137 0.0941176470588235 0.0745098039215686 0.080156862745098
"2492456" 0.152941176470588 0.0313725490196078 0.149019607843137 0.0811333333333333
"3277106" 0.192156862745098 0.00392156862745098 0.196078431372549 0.0821098039215686
"266787" 0.133333333333333 0.0705882352941176 0.0156862745098039 0.0830901960784314
"594974" 0.113725490196078 0.0784313725490196 0.0352941176470588 0.0840666666666667
"10747915" 0.0392156862745098 0 0.643137254901961 0.085043137254902
"2164274" 0.192156862745098 0.0235294117647059 0.129411764705882 0.0860196078431373
"66881" 0.250980392156863 0.0196078431372549 0.00392156862745098 0.087
"395068" 0.231372549019608 0.0274509803921569 0.0235294117647059 0.0879764705882353
"266792" 0.152941176470588 0.0705882352941176 0.0156862745098039 0.0889529411764706
"853819" 0.227450980392157 0.0274509803921569 0.0509803921568627 0.0899333333333333
"725543" 0.149019607843137 0.0705882352941176 0.0431372549019608 0.0909098039215686
"1966656" 0.247058823529412 0.00784313725490196 0.117647058823529 0.0918862745098039
"2294843" 0.227450980392157 0.0156862745098039 0.137254901960784 0.0928627450980392
"197450" 0.286274509803922 0.0117647058823529 0.0117647058823529 0.093843137254902
"525637" 0.266666666666667 0.0196078431372549 0.0313725490196078 0.0948196078431372
"397361" 0.188235294117647 0.0627450980392157 0.0235294117647059 0.0957960784313726
"2040579" 0.00784313725490196 0.137254901960784 0.12156862745098 0.0967725490196079
"399649" 0.125490196078431 0.0980392156862745 0.0235294117647059 0.0977529411764706
"271373" 0.0470588235294118 0.141176470588235 0.0156862745098039 0.0987294117647059
"197455" 0.305882352941176 0.0117647058823529 0.0117647058823529 0.0997058823529412
"69179" 0.227450980392157 0.0549019607843137 0.00392156862745098 0.100682352941176
"199743" 0.243137254901961 0.0470588235294118 0.0117647058823529 0.101662745098039
"527930" 0.223529411764706 0.0549019607843137 0.0313725490196078 0.102639215686275
"2171148" 0.0431372549019608 0.129411764705882 0.129411764705882 0.10361568627451
"986681" 0.219607843137255 0.0549019607843137 0.0588235294117647 0.104596078431373
"401942" 0.0823529411764706 0.133333333333333 0.0235294117647059 0.105572549019608
"328024" 0.341176470588235 0.00392156862745098 0.0196078431372549 0.106549019607843
"656211" 0.32156862745098 0.0117647058823529 0.0392156862745098 0.107525490196078
"330312" 0.27843137254902 0.0392156862745098 0.0196078431372549 0.108505882352941
"658499" 0.258823529411765 0.0470588235294118 0.0392156862745098 0.109482352941176
"4986137" 0.0941176470588235 0.0823529411764706 0.298039215686275 0.110458823529412
"15139078" 0.0196078431372549 0.00392156862745098 0.905882352941176 0.111435294117647
"988974" 0.176470588235294 0.0901960784313725 0.0588235294117647 0.11241568627451
"2130" 0.317647058823529 0.0313725490196078 0 0.113392156862745
"732422" 0.0196078431372549 0.176470588235294 0.0431372549019608 0.11436862745098
"1114967" 0.337254901960784 0.0117647058823529 0.0666666666666667 0.115345098039216
"789068" 0.294117647058824 0.0392156862745098 0.0470588235294118 0.116325490196078
"3345212" 0.231372549019608 0.0431372549019608 0.2 0.117301960784314
"7216387" 0.00784313725490196 0.113725490196078 0.431372549019608 0.118278431372549
"663080" 0.152941176470588 0.117647058823529 0.0392156862745098 0.119258823529412
"78341" 0.0156862745098039 0.196078431372549 0.00392156862745098 0.120235294117647
"2232380" 0.231372549019608 0.0627450980392157 0.133333333333333 0.121211764705882
"1647641" 0.0941176470588235 0.141176470588235 0.0980392156862745 0.122188235294118
"6711" 0.211764705882353 0.101960784313725 0 0.12316862745098
"791361" 0.250980392156863 0.0745098039215686 0.0470588235294118 0.124145098039216
"1119548" 0.231372549019608 0.0823529411764706 0.0666666666666667 0.125121568627451
"534809" 0.0941176470588235 0.16078431372549 0.0313725490196078 0.126098039215686
"208910" 0.0509803921568627 0.188235294117647 0.0117647058823529 0.127078431372549
"2362949" 0.266666666666667 0.0549019607843137 0.141176470588235 0.128054901960784
"6716" 0.231372549019608 0.101960784313725 0 0.12903137254902
"1649934" 0.0509803921568627 0.176470588235294 0.0980392156862745 0.130007843137255
"465467" 0.227450980392157 0.101960784313725 0.0274509803921569 0.130988235294118
"2163043" 0.384313725490196 0.00392156862745098 0.129411764705882 0.131964705882353
"6947144" 0.27843137254902 0.00392156862745098 0.415686274509804 0.132941176470588
"339479" 0.0862745098039216 0.180392156862745 0.0196078431372549 0.133921568627451
"2493518" 0.301960784313725 0.0470588235294118 0.149019607843137 0.134898039215686
"593748" 0.325490196078431 0.0588235294117647 0.0352941176470588 0.135874509803922
"9009" 0.188235294117647 0.137254901960784 0 0.136850980392157
"596036" 0.262745098039216 0.0941176470588235 0.0352941176470588 0.13783137254902
"11297" 0.125490196078431 0.172549019607843 0 0.138807843137255
"5708324" 0.137254901960784 0.101960784313725 0.341176470588235 0.13978431372549
"9177394" 0.192156862745098 0.0352941176470588 0.549019607843137 0.140760784313726
"1711161" 0.219607843137255 0.109803921568627 0.101960784313725 0.141741176470588
"267854" 0.301960784313725 0.0862745098039216 0.0156862745098039 0.142717647058824
"139578" 0.223529411764706 0.129411764705882 0.00784313725490196 0.143694117647059
"3608648" 0.27843137254902 0.0627450980392157 0.215686274509804 0.144670588235294
"141866" 0.16078431372549 0.164705882352941 0.00784313725490196 0.145650980392157
"4067399" 0.274509803921569 0.0627450980392157 0.243137254901961 0.146627450980392
"341777" 0.0627450980392157 0.215686274509804 0.0196078431372549 0.147603921568627
"15878" 0.0196078431372549 0.243137254901961 0 0.14858431372549
"854886" 0.396078431372549 0.0431372549019608 0.0509803921568627 0.149560784313725
"270147" 0.258823529411765 0.12156862745098 0.0156862745098039 0.150537254901961
"598334" 0.23921568627451 0.129411764705882 0.0352941176470588 0.151513725490196
"2956855" 0.211764705882353 0.117647058823529 0.176470588235294 0.152494117647059
"2372116" 0.0745098039215686 0.196078431372549 0.141176470588235 0.153470588235294
"3156766" 0.113725490196078 0.168627450980392 0.188235294117647 0.154447058823529
"344070" 0.0196078431372549 0.250980392156863 0.0196078431372549 0.155423529411765
"528992" 0.372549019607843 0.0705882352941176 0.0313725490196078 0.156403921568627
"400716" 0.294117647058824 0.113725490196078 0.0235294117647059 0.157380392156863
"3869786" 0.349019607843137 0.0470588235294118 0.231372549019608 0.158356862745098
"3741510" 0.270588235294118 0.0901960784313725 0.223529411764706 0.159333333333333
"274728" 0.152941176470588 0.192156862745098 0.0156862745098039 0.160313725490196
"3743798" 0.207843137254902 0.125490196078431 0.223529411764706 0.161290196078431
"3615522" 0.129411764705882 0.168627450980392 0.215686274509804 0.162266666666667
"605203" 0.0705882352941176 0.235294117647059 0.0352941176470588 0.163247058823529
"531285" 0.329411764705882 0.105882352941176 0.0313725490196078 0.164223529411765
"859472" 0.309803921568627 0.113725490196078 0.0509803921568627 0.1652
"1589764" 0.0117647058823529 0.258823529411765 0.0941176470588235 0.166176470588235
"1774686" 0.364705882352941 0.0784313725490196 0.105882352941176 0.167156862745098
"787842" 0.505882352941176 0.0196078431372549 0.0470588235294118 0.168133333333333
"14483771" 0.227450980392157 0.00392156862745098 0.866666666666667 0.169109803921569
"476932" 0.0117647058823529 0.27843137254902 0.0274509803921569 0.170086274509804
"607496" 0.0274509803921569 0.270588235294118 0.0352941176470588 0.171066666666667
"77115" 0.227450980392157 0.176470588235294 0.00392156862745098 0.172043137254902
"4002648" 0.341176470588235 0.0745098039215686 0.23921568627451 0.173019607843137
"79403" 0.164705882352941 0.211764705882353 0.00392156862745098 0.174
"5485" 0.423529411764706 0.0823529411764706 0 0.174976470588235
"279314" 0.0666666666666667 0.262745098039216 0.0156862745098039 0.175952941176471
"205396" 0.325490196078431 0.133333333333333 0.0117647058823529 0.176929411764706
"281602" 0.00392156862745098 0.298039215686275 0.0156862745098039 0.177909803921569
"3805030" 0.396078431372549 0.0588235294117647 0.227450980392157 0.178886274509804
"3220291" 0.258823529411765 0.137254901960784 0.192156862745098 0.179862745098039
"3146373" 0.517647058823529 0.00784313725490196 0.188235294117647 0.180839215686275
"81696" 0.12156862745098 0.247058823529412 0.00392156862745098 0.181819607843137
"7778" 0.380392156862745 0.117647058823529 0 0.182796078431373
"2966027" 0.0392156862745098 0.258823529411765 0.176470588235294 0.183772549019608
"3750677" 0.0784313725490196 0.231372549019608 0.223529411764706 0.184749019607843
"338253" 0.298039215686275 0.16078431372549 0.0196078431372549 0.185729411764706
"2492292" 0.513725490196078 0.0274509803921569 0.149019607843137 0.186705882352941
"4537615" 0.0549019607843137 0.23921568627451 0.270588235294118 0.187682352941176
"2440222" 0.113725490196078 0.235294117647059 0.145098039215686 0.188662745098039
"1051273" 0.533333333333333 0.0392156862745098 0.0627450980392157 0.189639215686274
"10071" 0.337254901960784 0.152941176470588 0 0.19061568627451
"338258" 0.317647058823529 0.16078431372549 0.0196078431372549 0.191592156862745
"468822" 0.333333333333333 0.152941176470588 0.0274509803921569 0.192572549019608
"340546" 0.254901960784314 0.196078431372549 0.0196078431372549 0.193549019607843
"3809616" 0.309803921568627 0.129411764705882 0.227450980392157 0.194525490196078
"4539908" 0.0117647058823529 0.274509803921569 0.270588235294118 0.195501960784314
"725379" 0.509803921568627 0.0666666666666667 0.0431372549019608 0.196482352941176
"1966492" 0.607843137254902 0.00392156862745098 0.117647058823529 0.197458823529412
"414469" 0.0156862745098039 0.325490196078431 0.0235294117647059 0.198435294117647
"394909" 0.611764705882353 0.0235294117647059 0.0235294117647059 0.199411764705882
"69010" 0.568627450980392 0.0509803921568627 0.00392156862745098 0.200392156862745
"853660" 0.607843137254902 0.0235294117647059 0.0509803921568627 0.20136862745098
"4268372" 0.325490196078431 0.129411764705882 0.254901960784314 0.202345098039216
"399485" 0.486274509803922 0.0941176470588235 0.0235294117647059 0.203325490196078
"2955629" 0.423529411764706 0.0980392156862745 0.176470588235294 0.204301960784314
"3740279" 0.462745098039216 0.0705882352941176 0.223529411764706 0.205278431372549
"14657" 0.250980392156863 0.223529411764706 0 0.206254901960784
"199579" 0.603921568627451 0.0431372549019608 0.0117647058823529 0.207235294117647
"1386334" 0.364705882352941 0.152941176470588 0.0823529411764706 0.208211764705882
"4801046" 0.0823529411764706 0.258823529411765 0.286274509803922 0.209188235294118
"10041610" 0.0352941176470588 0.223529411764706 0.6 0.210164705882353
"347420" 0.105882352941176 0.301960784313725 0.0196078431372549 0.211145098039216
"219144" 0.0274509803921569 0.345098039215686 0.0117647058823529 0.212121568627451
"9969980" 0.231372549019608 0.129411764705882 0.596078431372549 0.213098039215686
"16950" 0.207843137254902 0.258823529411765 0 0.214074509803922
"1462545" 0.0627450980392157 0.317647058823529 0.0862745098039216 0.215054901960784
"986522" 0.6 0.0509803921568627 0.0588235294117647 0.21603137254902
"5259802" 0.0980392156862745 0.258823529411765 0.313725490196078 0.217007843137255
"75884" 0.419607843137255 0.156862745098039 0.00392156862745098 0.217988235294118
"806176" 0.12156862745098 0.301960784313725 0.0470588235294118 0.218964705882353
"275795" 0.32156862745098 0.207843137254902 0.0156862745098039 0.219941176470588
"5114254" 0.552941176470588 0.0352941176470588 0.305882352941176 0.220917647058824
"332441" 0.596078431372549 0.0705882352941176 0.0196078431372549 0.221898039215686
"149807" 0.180392156862745 0.286274509803922 0.00784313725490196 0.222874509803922
"4477445" 0.0156862745098039 0.32156862745098 0.266666666666667 0.223850980392157
"9772367" 0.305882352941176 0.113725490196078 0.584313725490196 0.224827450980392
"2360492" 0.670588235294118 0.0156862745098039 0.141176470588235 0.225807843137255
"1775753" 0.533333333333333 0.0941176470588235 0.105882352941176 0.22678431372549
"788909" 0.674509803921569 0.0352941176470588 0.0470588235294118 0.227760784313726
"5518652" 0.231372549019608 0.207843137254902 0.329411764705882 0.228737254901961
"1247660" 0.670588235294118 0.0352941176470588 0.0745098039215686 0.229717647058823
"2380057" 0.0941176470588235 0.317647058823529 0.141176470588235 0.230694117647059
"480287" 0.117647058823529 0.329411764705882 0.0274509803921569 0.231670588235294
"2838808" 0.0901960784313725 0.317647058823529 0.168627450980392 0.232650980392157
"134828" 0.670588235294118 0.0549019607843137 0.00784313725490196 0.233627450980392
"3549540" 0.388235294117647 0.16078431372549 0.211764705882353 0.234603921568627
"8790104" 0.341176470588235 0.125490196078431 0.525490196078431 0.235580392156863
"8840" 0.529411764705882 0.133333333333333 0 0.236560784313725
"282669" 0.172549019607843 0.313725490196078 0.0156862745098039 0.237537254901961
"11804999" 0.274509803921569 0.129411764705882 0.705882352941177 0.238513725490196
"13904680" 0.152941176470588 0.168627450980392 0.831372549019608 0.239490196078431
"156681" 0.0313725490196078 0.392156862745098 0.00784313725490196 0.240470588235294
"941331" 0.0705882352941176 0.364705882352941 0.0549019607843137 0.241447058823529
"3606191" 0.682352941176471 0.0235294117647059 0.215686274509804 0.242423529411765
"4336483" 0.384313725490196 0.168627450980392 0.258823529411765 0.2434
"924059" 0.603921568627451 0.0980392156862745 0.0549019607843137 0.244380392156863
"2056456" 0.0274509803921569 0.380392156862745 0.12156862745098 0.245356862745098
"667507" 0.447058823529412 0.184313725490196 0.0392156862745098 0.246333333333333
"1200176" 0.184313725490196 0.313725490196078 0.0705882352941176 0.247313725490196
"267690" 0.662745098039216 0.0823529411764706 0.0156862745098039 0.248290196078431
"541519" 0.305882352941176 0.262745098039216 0.0313725490196078 0.249266666666667
"1380527" 0.682352941176471 0.0627450980392157 0.0823529411764706 0.250243137254902
"87344" 0.184313725490196 0.333333333333333 0.00392156862745098 0.251223529411765
"13426" 0.443137254901961 0.203921568627451 0 0.2522
"5656095" 0.117647058823529 0.305882352941176 0.337254901960784 0.253176470588235
"6951566" 0.552941176470588 0.0705882352941176 0.415686274509804 0.254152941176471
"5310636" 0.670588235294118 0.0313725490196078 0.317647058823529 0.255133333333333
"617730" 0.00392156862745098 0.427450980392157 0.0352941176470588 0.256109803921569
"87349" 0.203921568627451 0.333333333333333 0.00392156862745098 0.257086274509804
"13431" 0.462745098039216 0.203921568627451 0 0.258062745098039
"143995" 0.47843137254902 0.196078431372549 0.00784313725490196 0.259043137254902
"417824" 0.12156862745098 0.376470588235294 0.0235294117647059 0.260019607843137
"854727" 0.776470588235294 0.0392156862745098 0.0509803921568627 0.260996078431373
"420112" 0.0588235294117647 0.411764705882353 0.0235294117647059 0.261976470588235
"346194" 0.317647058823529 0.282352941176471 0.0196078431372549 0.262952941176471
"217918" 0.23921568627451 0.325490196078431 0.0117647058823529 0.263929411764706
"1056926" 0.615686274509804 0.125490196078431 0.0627450980392157 0.264905882352941
"1535237" 0.0156862745098039 0.427450980392157 0.0901960784313725 0.265886274509804
"91930" 0.0980392156862745 0.403921568627451 0.00392156862745098 0.266862745098039
"6701883" 0.227450980392157 0.262745098039216 0.4 0.267839215686275
"291841" 0 0.454901960784314 0.0156862745098039 0.26881568627451
"4987035" 0.603921568627451 0.0941176470588235 0.298039215686275 0.269796078431372
"740" 0.890196078431372 0.00784313725490196 0 0.270772549019608
"328927" 0.870588235294118 0.0156862745098039 0.0196078431372549 0.271749019607843
"91935" 0.117647058823529 0.403921568627451 0.00392156862745098 0.272725490196078
"222499" 0.133333333333333 0.396078431372549 0.0117647058823529 0.273705882352941
"94223" 0.0549019607843137 0.43921568627451 0.00392156862745098 0.274682352941176
"74663" 0.650980392156863 0.137254901960784 0.00392156862745098 0.275658823529412
"150869" 0.329411764705882 0.301960784313725 0.00784313725490196 0.276639215686274
"22593" 0.250980392156863 0.345098039215686 0 0.27761568627451
"350780" 0.231372549019608 0.352941176470588 0.0196078431372549 0.278592156862745
"5645702" 0.52156862745098 0.145098039215686 0.337254901960784 0.27956862745098
"3146204" 0.858823529411765 0.00392156862745098 0.188235294117647 0.280549019607843
"681255" 0.149019607843137 0.396078431372549 0.0392156862745098 0.281525490196078
"7345566" 0.615686274509804 0.0823529411764706 0.43921568627451 0.282501960784314
"22598" 0.270588235294118 0.345098039215686 0 0.283478431372549
"555267" 0.00784313725490196 0.474509803921569 0.0313725490196078 0.284458823529412
"24886" 0.207843137254902 0.380392156862745 0 0.285435294117647
"5326" 0.803921568627451 0.0784313725490196 0 0.286411764705882
"224797" 0.109803921568627 0.431372549019608 0.0117647058823529 0.287388235294118
"7614" 0.741176470588235 0.113725490196078 0 0.28836862745098
"2911505" 0.0627450980392157 0.427450980392157 0.172549019607843 0.289345098039216
"153167" 0.305882352941176 0.337254901960784 0.00784313725490196 0.290321568627451
"3370256" 0.0588235294117647 0.427450980392157 0.2 0.291301960784314
"6035116" 0.670588235294118 0.0862745098039216 0.36078431372549 0.292278431372549
"8134797" 0.549019607843137 0.125490196078431 0.486274509803922 0.293254901960784
"5724206" 0.176470588235294 0.345098039215686 0.341176470588235 0.29423137254902
"942393" 0.219607843137255 0.380392156862745 0.0549019607843137 0.295211764705882
"1781401" 0.596078431372549 0.180392156862745 0.105882352941176 0.296188235294118
"5706934" 0.709803921568627 0.0784313725490196 0.341176470588235 0.297164705882353
"155460" 0.262745098039216 0.372549019607843 0.00784313725490196 0.298141176470588
"1144592" 0.0588235294117647 0.466666666666667 0.0666666666666667 0.299121568627451
"212106" 0.537254901960784 0.235294117647059 0.0117647058823529 0.300098039215686
"29472" 0.12156862745098 0.450980392156863 0 0.301074509803922
"466375" 0.776470588235294 0.113725490196078 0.0274509803921569 0.302050980392157
"5454958" 0.427450980392157 0.235294117647059 0.325490196078431 0.30303137254902
"2642262" 0.333333333333333 0.317647058823529 0.156862745098039 0.304007843137255
"1655418" 0.474509803921569 0.258823529411765 0.0980392156862745 0.30498431372549
"2698908" 0.607843137254902 0.180392156862745 0.16078431372549 0.305964705882353
"2516274" 0.192156862745098 0.396078431372549 0.149019607843137 0.306941176470588
"1127325" 0.611764705882353 0.2 0.0666666666666667 0.307917647058824
"6313531" 0.227450980392157 0.337254901960784 0.376470588235294 0.308894117647059
"673150" 0.490196078431373 0.270588235294118 0.0392156862745098 0.309874509803922
"544874" 0.411764705882353 0.313725490196078 0.0313725490196078 0.310850980392157
"5731080" 0.0274509803921569 0.450980392156863 0.341176470588235 0.311827450980392
"288322" 0.254901960784314 0.4 0.0156862745098039 0.312803921568627
"4983516" 0.858823529411765 0.0392156862745098 0.298039215686275 0.31378431372549
"4746524" 0.105882352941176 0.427450980392157 0.282352941176471 0.314760784313725
"162334" 0.113725490196078 0.47843137254902 0.00784313725490196 0.315737254901961
"34058" 0.0352941176470588 0.52156862745098 0 0.316713725490196
"2849042" 0.0666666666666667 0.474509803921569 0.168627450980392 0.317694117647059
"5861649" 0.0627450980392157 0.443137254901961 0.349019607843137 0.318670588235294
"7211478" 0.835294117647059 0.0352941176470588 0.431372549019608 0.319647058823529
"6374758" 0.396078431372549 0.270588235294118 0.380392156862745 0.320627450980392
"421179" 0.227450980392157 0.427450980392157 0.0235294117647059 0.321603921568627
"7487595" 0.415686274509804 0.250980392156863 0.447058823529412 0.322580392156863
"5989930" 0.16078431372549 0.4 0.356862745098039 0.323556862745098
"751654" 0.145098039215686 0.470588235294118 0.0431372549019608 0.324537254901961
"221273" 0.345098039215686 0.376470588235294 0.0117647058823529 0.325513725490196
"92997" 0.266666666666667 0.419607843137255 0.00392156862745098 0.326490196078431
"19079" 0.525490196078431 0.290196078431373 0 0.327466666666667
"204001" 0.87843137254902 0.109803921568627 0.0117647058823529 0.328447058823529
"879935" 0.243137254901961 0.427450980392157 0.0509803921568627 0.329423529411765
"403912" 0.780392156862745 0.16078431372549 0.0235294117647059 0.3304
"166920" 0.0274509803921569 0.549019607843137 0.00784313725490196 0.331376470588235
"3090620" 0.733333333333333 0.156862745098039 0.184313725490196 0.332356862745098
"223566" 0.301960784313725 0.411764705882353 0.0117647058823529 0.333333333333333
"7235624" 0.152941176470588 0.407843137254902 0.431372549019608 0.334309803921569
"2453811" 0.196078431372549 0.443137254901961 0.145098039215686 0.335290196078431
"151936" 0.498039215686275 0.317647058823529 0.00784313725490196 0.336266666666667
"7218352" 0.686274509803922 0.141176470588235 0.431372549019608 0.337243137254902
"5720687" 0.431372549019608 0.290196078431373 0.341176470588235 0.338219607843137
"25948" 0.356862745098039 0.396078431372549 0 0.3392
"6581543" 0.149019607843137 0.427450980392157 0.392156862745098 0.340176470588235
"225859" 0.258823529411765 0.447058823529412 0.0117647058823529 0.341152941176471
"554046" 0.23921568627451 0.454901960784314 0.0313725490196078 0.342129411764706
"3423388" 0.607843137254902 0.235294117647059 0.203921568627451 0.343109803921569
"610692" 0.513725490196078 0.317647058823529 0.0352941176470588 0.344086274509804
"938879" 0.494117647058824 0.325490196078431 0.0549019607843137 0.345062745098039
"4407949" 0.549019607843137 0.258823529411765 0.262745098039216 0.346039215686275
"484704" 0.372549019607843 0.396078431372549 0.0274509803921569 0.347019607843137
"5377521" 0.941176470588235 0.0509803921568627 0.32156862745098 0.347996078431373
"738973" 0.611764705882353 0.274509803921569 0.0431372549019608 0.348972549019608
"358716" 0.231372549019608 0.474509803921569 0.0196078431372549 0.349952941176471
"284798" 0.490196078431373 0.345098039215686 0.0156862745098039 0.350929411764706
"102164" 0.0745098039215686 0.56078431372549 0.00392156862745098 0.351905882352941
"7277296" 0.937254901960784 0.0392156862745098 0.435294117647059 0.352882352941177
"104452" 0.0117647058823529 0.596078431372549 0.00392156862745098 0.353862745098039
"4595164" 0.858823529411765 0.113725490196078 0.274509803921569 0.354839215686274
"467437" 0.925490196078431 0.129411764705882 0.0274509803921569 0.35581568627451
"230445" 0.172549019607843 0.517647058823529 0.0117647058823529 0.356792156862745
"6186312" 0.27843137254902 0.396078431372549 0.368627450980392 0.357772549019608
"3482332" 0.858823529411765 0.133333333333333 0.207843137254902 0.358749019607843
"5929760" 0.12156862745098 0.482352941176471 0.352941176470588 0.359725490196078
"7225231" 0.556862745098039 0.247058823529412 0.431372549019608 0.360701960784314
"2443418" 0.6 0.282352941176471 0.145098039215686 0.361682352941176
"5966846" 0.992156862745098 0.0431372549019608 0.356862745098039 0.362658823529412
"8522990" 0.929411764705882 0.0470588235294118 0.509803921568627 0.363635294117647
"89473" 0.501960784313725 0.364705882352941 0.00392156862745098 0.36461568627451
"15555" 0.76078431372549 0.235294117647059 0 0.365592156862745
"6973255" 0.274509803921569 0.403921568627451 0.415686274509804 0.36656862745098
"5932053" 0.0784313725490196 0.517647058823529 0.352941176470588 0.367545098039216
"237314" 0.00392156862745098 0.623529411764706 0.0117647058823529 0.368525490196078
"4728026" 0.850980392156863 0.141176470588235 0.282352941176471 0.369501960784314
"491583" 0.243137254901961 0.501960784313725 0.0274509803921569 0.370478431372549
"928486" 0.898039215686275 0.164705882352941 0.0549019607843137 0.371454901960784
"1808902" 0.0196078431372549 0.603921568627451 0.105882352941176 0.372435294117647
"2593552" 0.0588235294117647 0.576470588235294 0.152941176470588 0.373411764705882
"1606708" 0.2 0.517647058823529 0.0941176470588235 0.374388235294118
"217759" 0.619607843137255 0.32156862745098 0.0117647058823529 0.375364705882353
"348323" 0.635294117647059 0.313725490196078 0.0196078431372549 0.376345098039216
"676510" 0.615686274509804 0.32156862745098 0.0392156862745098 0.377321568627451
"9405704" 0.0274509803921569 0.52156862745098 0.56078431372549 0.378298039215686
"222335" 0.494117647058824 0.392156862745098 0.0117647058823529 0.379278431372549
"4549973" 0.329411764705882 0.427450980392157 0.270588235294118 0.380254901960784
"20141" 0.674509803921569 0.305882352941176 0 0.38123137254902
"750433" 0.376470588235294 0.450980392156863 0.0431372549019608 0.382207843137255
"5445627" 0.980392156862745 0.0901960784313725 0.325490196078431 0.383188235294118
"2122110" 0.490196078431373 0.380392156862745 0.125490196078431 0.384164705882353
"624445" 0.235294117647059 0.529411764705882 0.0352941176470588 0.385141176470588
"148422" 0.772549019607843 0.262745098039216 0.00784313725490196 0.386117647058824
"681091" 0.509803921568627 0.392156862745098 0.0392156862745098 0.387098039215686
"96352" 0.372549019607843 0.470588235294118 0.00392156862745098 0.388074509803921
"6651947" 0.164705882352941 0.501960784313725 0.396078431372549 0.389050980392157
"8001776" 0.937254901960784 0.0941176470588235 0.47843137254902 0.390027450980392
"1339753" 0.407843137254902 0.443137254901961 0.0784313725490196 0.391007843137255
"5721749" 0.580392156862745 0.305882352941176 0.341176470588235 0.39198431372549
"6962862" 0.67843137254902 0.243137254901961 0.415686274509804 0.392960784313726
"300839" 0.149019607843137 0.592156862745098 0.0156862745098039 0.393941176470588
"4280730" 0.6 0.317647058823529 0.254901960784314 0.394917647058823
"500750" 0.0509803921568627 0.643137254901961 0.0274509803921569 0.395894117647059
"79085" 0.925490196078431 0.203921568627451 0.00392156862745098 0.396870588235294
"1415964" 0.105882352941176 0.607843137254902 0.0823529411764706 0.397850980392157
"3570003" 0.32156862745098 0.474509803921569 0.211764705882353 0.398827450980392
"2583159" 0.462745098039216 0.415686274509804 0.152941176470588 0.399803921568627
"5997871" 0.180392156862745 0.52156862745098 0.356862745098039 0.400780392156863
"303132" 0.105882352941176 0.627450980392157 0.0156862745098039 0.401760784313725
"229214" 0.364705882352941 0.498039215686275 0.0117647058823529 0.402737254901961
"959506" 0.0666666666666667 0.643137254901961 0.0549019607843137 0.403713725490196
"8134638" 0.929411764705882 0.12156862745098 0.486274509803922 0.404690196078431
"3646214" 0.0196078431372549 0.63921568627451 0.215686274509804 0.405670588235294
"6767537" 0.690196078431373 0.262745098039216 0.403921568627451 0.406647058823529
"357495" 0.462745098039216 0.454901960784314 0.0196078431372549 0.407623529411765
"4487510" 0.333333333333333 0.474509803921569 0.266666666666667 0.408603921568627
"305425" 0.0627450980392157 0.662745098039216 0.0156862745098039 0.409580392156863
"7480557" 0.925490196078431 0.141176470588235 0.447058823529412 0.410556862745098
"961799" 0.0235294117647059 0.67843137254902 0.0549019607843137 0.411533333333333
"1548826" 0.0980392156862745 0.635294117647059 0.0901960784313725 0.412513725490196
"561982" 0.23921568627451 0.576470588235294 0.0313725490196078 0.413490196078431
"488064" 0.498039215686275 0.447058823529412 0.0274509803921569 0.414466666666667
"4359239" 0.274509803921569 0.517647058823529 0.258823529411765 0.415443137254902
"1457636" 0.890196078431372 0.23921568627451 0.0862745098039216 0.416423529411765
"307718" 0.0196078431372549 0.698039215686274 0.0156862745098039 0.4174
"7374134" 0.207843137254902 0.52156862745098 0.43921568627451 0.418376470588235
"105524" 0.2 0.611764705882353 0.00392156862745098 0.419352941176471
"2518403" 0.509803921568627 0.427450980392157 0.149019607843137 0.420333333333333
"6900399" 0.682352941176471 0.290196078431373 0.411764705882353 0.421309803921569
"33894" 0.396078431372549 0.517647058823529 0 0.422286274509804
"3250983" 0.149019607843137 0.607843137254902 0.192156862745098 0.423266666666667
"90540" 0.670588235294118 0.380392156862745 0.00392156862745098 0.424243137254902
"16622" 0.929411764705882 0.250980392156863 0 0.425219607843137
"344809" 0.909803921568627 0.258823529411765 0.0196078431372549 0.426196078431373
"1790404" 0.764705882352941 0.317647058823529 0.105882352941176 0.427176470588235
"238381" 0.172549019607843 0.63921568627451 0.0117647058823529 0.428152941176471
"218821" 0.768627450980392 0.337254901960784 0.0117647058823529 0.429129411764706
"6774416" 0.56078431372549 0.368627450980392 0.403921568627451 0.430105882352941
"5481233" 0.0627450980392157 0.63921568627451 0.325490196078431 0.431086274509804
"440580" 0.0117647058823529 0.725490196078431 0.0235294117647059 0.432062745098039
"5735502" 0.301960784313725 0.517647058823529 0.341176470588235 0.433039215686275
"8291646" 0.23921568627451 0.52156862745098 0.494117647058824 0.43401568627451
"5390043" 0.854901960784314 0.243137254901961 0.32156862745098 0.434996078431372
"5718230" 0.835294117647059 0.250980392156863 0.341176470588235 0.435972549019608
"9589405" 0.611764705882353 0.32156862745098 0.572549019607843 0.436949019607843
"1155888" 0.184313725490196 0.63921568627451 0.0666666666666667 0.437929411764706
"1538433" 0.501960784313725 0.474509803921569 0.0901960784313725 0.438905882352941
"551589" 0.643137254901961 0.415686274509804 0.0313725490196078 0.439882352941177
"7509289" 0.156862745098039 0.584313725490196 0.447058823529412 0.440858823529412
"151772" 0.858823529411765 0.313725490196078 0.00784313725490196 0.441839215686274
"425601" 0.501960784313725 0.494117647058824 0.0235294117647059 0.44281568627451
"6981196" 0.294117647058824 0.525490196078431 0.415686274509804 0.443792156862745
"6505173" 0.831372549019608 0.258823529411765 0.388235294117647 0.44476862745098
"299613" 0.36078431372549 0.572549019607843 0.0156862745098039 0.445749019607843
"4627251" 0.196078431372549 0.607843137254902 0.274509803921569 0.446725490196078
"6726932" 0.0745098039215686 0.647058823529412 0.4 0.447701960784314
"8424508" 0.231372549019608 0.549019607843137 0.501960784313725 0.448678431372549
"5522905" 0.847058823529412 0.270588235294118 0.329411764705882 0.449658823529412
"6253197" 0.549019607843137 0.415686274509804 0.372549019607843 0.450635294117647
"1158186" 0.16078431372549 0.674509803921569 0.0666666666666667 0.451611764705882
"1343108" 0.513725490196078 0.494117647058824 0.0784313725490196 0.452592156862745
"301906" 0.317647058823529 0.607843137254902 0.0156862745098039 0.45356862745098
"173630" 0.23921568627451 0.650980392156863 0.00784313725490196 0.454545098039216
"99712" 0.498039215686275 0.52156862745098 0.00392156862745098 0.455521568627451
"7316252" 0.105882352941176 0.63921568627451 0.435294117647059 0.456501960784314
"47642" 0.0980392156862745 0.729411764705882 0 0.457478431372549
"7570521" 0.345098039215686 0.517647058823529 0.450980392156863 0.458454901960784
"5725109" 0.705882352941177 0.356862745098039 0.341176470588235 0.45943137254902
"30370" 0.631372549019608 0.462745098039216 0 0.460411764705882
"2532156" 0.231372549019608 0.63921568627451 0.149019607843137 0.461388235294118
"632386" 0.254901960784314 0.650980392156863 0.0352941176470588 0.462364705882353
"558468" 0.513725490196078 0.52156862745098 0.0313725490196078 0.463341176470588
"3427810" 0.882352941176471 0.301960784313725 0.203921568627451 0.464321568627451
"1017219" 0.509803921568627 0.52156862745098 0.0588235294117647 0.465298039215686
"3573363" 0.447058823529412 0.525490196078431 0.211764705882353 0.466274509803922
"508686" 0.0509803921568627 0.764705882352941 0.0274509803921569 0.467254901960784
"434768" 0.309803921568627 0.635294117647059 0.0235294117647059 0.46823137254902
"306492" 0.231372549019608 0.67843137254902 0.0156862745098039 0.469207843137255
"8796655" 0.933333333333333 0.223529411764706 0.525490196078431 0.47018431372549
"3449663" 0.243137254901961 0.63921568627451 0.203921568627451 0.471164705882353
"6114523" 0.854901960784314 0.298039215686275 0.364705882352941 0.472141176470588
"7246920" 0.27843137254902 0.580392156862745 0.431372549019608 0.473117647058824
"6260076" 0.419607843137255 0.52156862745098 0.372549019607843 0.474094117647059
"163232" 0.623529411764706 0.490196078431373 0.00784313725490196 0.475074509803922
"3980049" 0.0627450980392157 0.733333333333333 0.235294117647059 0.476050980392157
"765248" 0.247058823529412 0.67843137254902 0.0431372549019608 0.477027450980392
"691330" 0.505882352941176 0.549019607843137 0.0392156862745098 0.478003921568627
"1734820" 0.63921568627451 0.470588235294118 0.101960784313725 0.47898431372549
"7029742" 0.929411764705882 0.262745098039216 0.419607843137255 0.479960784313726
"510984" 0.0274509803921569 0.8 0.0274509803921569 0.480937254901961
"641548" 0.0431372549019608 0.792156862745098 0.0352941176470588 0.481917647058823
"111167" 0.243137254901961 0.698039215686274 0.00392156862745098 0.482894117647059
"5916910" 0.929411764705882 0.282352941176471 0.352941176470588 0.483870588235294
"1680467" 0.32156862745098 0.643137254901961 0.0980392156862745 0.484847058823529
"6832124" 0.984313725490196 0.247058823529412 0.407843137254902 0.485827450980392
"4823638" 0.333333333333333 0.603921568627451 0.286274509803922 0.486803921568627
"7488498" 0.945098039215686 0.262745098039216 0.447058823529412 0.487780392156863
"7816685" 0.925490196078431 0.270588235294118 0.466666666666667 0.488756862745098
"1100304" 0.0588235294117647 0.792156862745098 0.0627450980392157 0.489737254901961
"1884954" 0.0980392156862745 0.764705882352941 0.109803921568627 0.490713725490196
"898110" 0.23921568627451 0.705882352941177 0.0509803921568627 0.491690196078431
"1335013" 0.894117647058824 0.368627450980392 0.0784313725490196 0.492666666666667
"41830" 0.396078431372549 0.63921568627451 0 0.493647058823529
"370017" 0.376470588235294 0.647058823529412 0.0196078431372549 0.494623529411765
"296099" 0.635294117647059 0.517647058823529 0.0156862745098039 0.4956
"1230873" 0.0941176470588235 0.784313725490196 0.0705882352941176 0.496580392156863
"5667227" 0.603921568627451 0.474509803921569 0.337254901960784 0.497556862745098
"1083037" 0.611764705882353 0.525490196078431 0.0627450980392157 0.498533333333333
"7236527" 0.682352941176471 0.419607843137255 0.431372549019608 0.499509803921569
"2802461" 0.109803921568627 0.764705882352941 0.164705882352941 0.500490196078431
"500586" 0.411764705882353 0.63921568627451 0.0274509803921569 0.501466666666667
"24563" 0.949019607843137 0.372549019607843 0 0.502443137254902
"352750" 0.929411764705882 0.380392156862745 0.0196078431372549 0.503419607843137
"26851" 0.886274509803922 0.407843137254902 0 0.5044
"702785" 0.250980392156863 0.725490196078431 0.0392156862745098 0.505376470588235
"118046" 0.113725490196078 0.803921568627451 0.00392156862745098 0.506352941176471
"13214247" 0.149019607843137 0.635294117647059 0.788235294117647 0.507333333333333
"1087618" 0.505882352941176 0.596078431372549 0.0627450980392157 0.508309803921569
"502879" 0.368627450980392 0.674509803921569 0.0274509803921569 0.509286274509804
"26856" 0.905882352941176 0.407843137254902 0 0.510262745098039
"48704" 0.247058823529412 0.745098039215686 0 0.511243137254902
"29144" 0.843137254901961 0.443137254901961 0 0.512219607843137
"357331" 0.823529411764706 0.450980392156863 0.0196078431372549 0.513196078431373
"120339" 0.0705882352941176 0.83921568627451 0.00392156862745098 0.514172549019608
"707366" 0.145098039215686 0.796078431372549 0.0392156862745098 0.51515294117647
"176985" 0.345098039215686 0.701960784313725 0.00784313725490196 0.516129411764706
"103067" 0.603921568627451 0.572549019607843 0.00392156862745098 0.517105882352941
"485612" 0.92156862745098 0.407843137254902 0.0274509803921569 0.518082352941177
"50997" 0.203921568627451 0.780392156862745 0 0.519062745098039
"433542" 0.52156862745098 0.615686274509804 0.0235294117647059 0.520039215686274
"250908" 0.105882352941176 0.831372549019608 0.0117647058823529 0.52101568627451
"2152966" 0.0196078431372549 0.854901960784314 0.125490196078431 0.521996078431372
"307554" 0.380392156862745 0.694117647058824 0.0156862745098039 0.522972549019608
"14459946" 0.16078431372549 0.643137254901961 0.862745098039216 0.523949019607843
"105360" 0.56078431372549 0.607843137254902 0.00392156862745098 0.524925490196078
"181566" 0.23921568627451 0.772549019607843 0.00784313725490196 0.525905882352941
"564111" 0.556862745098039 0.607843137254902 0.0313725490196078 0.526882352941176
"381477" 0.141176470588235 0.823529411764706 0.0196078431372549 0.527858823529412
"253201" 0.0627450980392157 0.866666666666667 0.0117647058823529 0.528835294117647
"1753154" 0.254901960784314 0.752941176470588 0.101960784313725 0.52981568627451
"12362558" 0.23921568627451 0.63921568627451 0.737254901960784 0.530792156862745
"181571" 0.258823529411765 0.772549019607843 0.00784313725490196 0.53176862745098
"107653" 0.517647058823529 0.643137254901961 0.00392156862745098 0.532745098039216
"6867730" 0.0666666666666667 0.796078431372549 0.407843137254902 0.533725490196078
"55583" 0.117647058823529 0.850980392156863 0 0.534701960784314
"894591" 0.494117647058824 0.650980392156863 0.0509803921568627 0.535678431372549
"1079513" 0.847058823529412 0.470588235294118 0.0627450980392157 0.536658823529412
"38311" 0.650980392156863 0.584313725490196 0 0.537635294117647
"1170708" 0.0745098039215686 0.866666666666667 0.0666666666666667 0.538611764705882
"640327" 0.274509803921569 0.772549019607843 0.0352941176470588 0.539588235294118
"423144" 0.905882352941176 0.454901960784314 0.0235294117647059 0.54056862745098
"294868" 0.827450980392157 0.498039215686275 0.0156862745098039 0.541545098039216
"112234" 0.411764705882353 0.713725490196078 0.00392156862745098 0.542521568627451
"386063" 0.0549019607843137 0.894117647058824 0.0196078431372549 0.543498039215686
"60164" 0.0117647058823529 0.92156862745098 0 0.544478431372549
"40604" 0.607843137254902 0.619607843137255 0 0.545454901960784
"314433" 0.250980392156863 0.8 0.0156862745098039 0.54643137254902
"642620" 0.231372549019608 0.807843137254902 0.0352941176470588 0.547407843137255
"5685561" 0.219607843137255 0.756862745098039 0.337254901960784 0.548388235294118
"188445" 0.109803921568627 0.87843137254902 0.00784313725490196 0.549364705882353
"2451200" 1 0.4 0.145098039215686 0.550341176470588
"1614480" 0.56078431372549 0.635294117647059 0.0941176470588235 0.551321568627451
"518920" 0.0274509803921569 0.92156862745098 0.0274509803921569 0.552298039215686
"1303570" 0.0666666666666667 0.894117647058824 0.0745098039215686 0.553274509803922
"371084" 0.545098039215686 0.662745098039216 0.0196078431372549 0.554250980392157
"7641982" 0.490196078431373 0.607843137254902 0.454901960784314 0.555231372549019
"2144866" 0.380392156862745 0.729411764705882 0.125490196078431 0.556207843137255
"245096" 0.403921568627451 0.741176470588235 0.0117647058823529 0.55718431372549
"116820" 0.325490196078431 0.784313725490196 0.00392156862745098 0.558160784313726
"193026" 0.00392156862745098 0.949019607843137 0.00784313725490196 0.559141176470588
"4629380" 0.513725490196078 0.63921568627451 0.274509803921569 0.560117647058823
"99548" 0.858823529411765 0.517647058823529 0.00392156862745098 0.561094117647059
"775482" 0.223529411764706 0.835294117647059 0.0431372549019608 0.562070588235294
"1362509" 0.298039215686275 0.792156862745098 0.0784313725490196 0.563050980392157
"321307" 0.101960784313725 0.905882352941176 0.0156862745098039 0.564027450980392
"1160315" 0.47843137254902 0.705882352941177 0.0666666666666667 0.565003921568628
"323595" 0.0392156862745098 0.941176470588235 0.0156862745098039 0.56598431372549
"304035" 0.635294117647059 0.63921568627451 0.0156862745098039 0.566960784313725
"230117" 0.894117647058824 0.509803921568627 0.0117647058823529 0.567937254901961
"101841" 0.815686274509804 0.552941176470588 0.00392156862745098 0.568913725490196
"580152" 0.215686274509804 0.854901960784314 0.0313725490196078 0.569894117647059
"49771" 0.415686274509804 0.76078431372549 0 0.570870588235294
"1692989" 0.235294117647059 0.835294117647059 0.0980392156862745 0.571847058823529
"249682" 0.317647058823529 0.811764705882353 0.0117647058823529 0.572823529411765
"434604" 0.670588235294118 0.631372549019608 0.0235294117647059 0.573803921568627
"1110538" 0.0352941176470588 0.949019607843137 0.0627450980392157 0.574780392156863
"123694" 0.176470588235294 0.890196078431372 0.00392156862745098 0.575756862745098
"1017060" 0.890196078431372 0.517647058823529 0.0588235294117647 0.576733333333333
"691161" 0.847058823529412 0.545098039215686 0.0392156862745098 0.577713725490196
"5823009" 0.125490196078431 0.854901960784314 0.345098039215686 0.578690196078431
"380251" 0.352941176470588 0.803921568627451 0.0196078431372549 0.579666666666667
"456457" 0.0313725490196078 0.968627450980392 0.0235294117647059 0.580647058823529
"7522873" 0.219607843137255 0.792156862745098 0.447058823529412 0.581623529411765
"254263" 0.211764705882353 0.882352941176471 0.0117647058823529 0.5826
"125987" 0.133333333333333 0.925490196078431 0.00392156862745098 0.583576470588235
"10537768" 0.152941176470588 0.796078431372549 0.627450980392157 0.584556862745098
"182633" 0.407843137254902 0.788235294117647 0.00784313725490196 0.585533333333333
"1021641" 0.784313725490196 0.588235294117647 0.0588235294117647 0.586509803921569
"34797" 0.925490196078431 0.529411764705882 0 0.587486274509804
"969571" 0.384313725490196 0.796078431372549 0.0549019607843137 0.588466666666667
"1243400" 0.0274509803921569 0.976470588235294 0.0705882352941176 0.589443137254902
"11961520" 0.686274509803922 0.517647058823529 0.713725490196078 0.590419607843137
"2356237" 0.0470588235294118 0.956862745098039 0.137254901960784 0.591396078431373
"2030338" 0.00392156862745098 0.984313725490196 0.117647058823529 0.592376470588235
"130568" 0.0274509803921569 0.996078431372549 0.00392156862745098 0.593352941176471
"4056101" 0.141176470588235 0.894117647058824 0.23921568627451 0.594329411764706
"187214" 0.301960784313725 0.858823529411765 0.00784313725490196 0.595309803921569
"7764451" 0.886274509803922 0.474509803921569 0.462745098039216 0.596286274509804
"387125" 0.203921568627451 0.909803921568627 0.0196078431372549 0.597262745098039
"1171775" 0.243137254901961 0.882352941176471 0.0666666666666667 0.598239215686275
"2160907" 0.0392156862745098 0.976470588235294 0.125490196078431 0.599219607843137
"717600" 0.12156862745098 0.952941176470588 0.0392156862745098 0.600196078431372
"241577" 0.658823529411765 0.686274509803922 0.0117647058823529 0.601172549019608
"2852079" 0.933333333333333 0.517647058823529 0.168627450980392 0.602149019607843
"700328" 0.654901960784314 0.686274509803922 0.0392156862745098 0.603129411764706
"572052" 0.576470588235294 0.729411764705882 0.0313725490196078 0.604105882352941
"389418" 0.16078431372549 0.945098039215686 0.0196078431372549 0.605082352941177
"369858" 0.756862745098039 0.643137254901961 0.0196078431372549 0.606058823529412
"2271916" 0.670588235294118 0.666666666666667 0.133333333333333 0.607039215686274
"2947850" 0.0352941176470588 0.984313725490196 0.172549019607843 0.60801568627451
"5612710" 0.647058823529412 0.643137254901961 0.333333333333333 0.608992156862745
"320076" 0.294117647058824 0.886274509803922 0.0156862745098039 0.609972549019608
"3332683" 0.290196078431373 0.854901960784314 0.196078431372549 0.610949019607843
"1432913" 0.313725490196078 0.866666666666667 0.0823529411764706 0.611925490196079
"1304637" 0.235294117647059 0.909803921568627 0.0745098039215686 0.612901960784314
"2804590" 0.427450980392157 0.796078431372549 0.164705882352941 0.613882352941176
"46252" 0.670588235294118 0.705882352941177 0 0.614858823529412
"1287365" 0.768627450980392 0.643137254901961 0.0745098039215686 0.615835294117647
"191805" 0.235294117647059 0.929411764705882 0.00784313725490196 0.616811764705882
"322369" 0.250980392156863 0.92156862745098 0.0156862745098039 0.617792156862745
"302809" 0.847058823529412 0.619607843137255 0.0156862745098039 0.61876862745098
"120175" 0.431372549019608 0.835294117647059 0.00392156862745098 0.619745098039216
"2219856" 0.309803921568627 0.874509803921569 0.129411764705882 0.620721568627451
"1089747" 0.823529411764706 0.627450980392157 0.0627450980392157 0.621701960784314
"10275404" 0.294117647058824 0.792156862745098 0.611764705882353 0.622678431372549
"3517615" 0.682352941176471 0.674509803921569 0.207843137254902 0.623654901960784
"50833" 0.564705882352941 0.776470588235294 0 0.624635294117647
"4780576" 0.12156862745098 0.949019607843137 0.282352941176471 0.625611764705882
"1565775" 0.305882352941176 0.894117647058824 0.0901960784313725 0.626588235294118
"122468" 0.388235294117647 0.870588235294118 0.00392156862745098 0.627564705882353
"6589156" 0.890196078431372 0.541176470588235 0.392156862745098 0.628545098039216
"9493047" 0.211764705882353 0.854901960784314 0.564705882352941 0.629521568627451
"507301" 0.643137254901961 0.741176470588235 0.0274509803921569 0.630498039215686
"324667" 0.227450980392157 0.956862745098039 0.0156862745098039 0.631474509803922
"8964954" 0.349019607843137 0.796078431372549 0.533333333333333 0.632454901960784
"837776" 0.56078431372549 0.784313725490196 0.0470588235294118 0.633431372549019
"253037" 0.423529411764706 0.862745098039216 0.0117647058823529 0.634407843137255
"1037687" 0.462745098039216 0.835294117647059 0.0588235294117647 0.63538431372549
"1624714" 0.537254901960784 0.792156862745098 0.0941176470588235 0.636364705882353
"2409364" 0.576470588235294 0.764705882352941 0.141176470588235 0.637341176470588
"13018768" 0.56078431372549 0.650980392156863 0.776470588235294 0.638317647058824
"129337" 0.219607843137255 0.976470588235294 0.00392156862745098 0.639298039215686
"457524" 0.2 0.984313725490196 0.0235294117647059 0.640274509803921
"785711" 0.180392156862745 0.992156862745098 0.0431372549019608 0.641250980392157
"1679077" 0.894117647058824 0.619607843137255 0.0980392156862745 0.642227450980392
"842357" 0.454901960784314 0.854901960784314 0.0470588235294118 0.643207843137255
"10940940" 0.0431372549019608 0.949019607843137 0.650980392156863 0.64418431372549
"3270225" 0.313725490196078 0.901960784313726 0.192156862745098 0.645160784313726
"109782" 0.835294117647059 0.674509803921569 0.00392156862745098 0.646137254901961
"10521563" 0.854901960784314 0.545098039215686 0.627450980392157 0.647117647058823
"916280" 0.215686274509804 0.984313725490196 0.0509803921568627 0.648094117647059
"385899" 0.415686274509804 0.890196078431372 0.0196078431372549 0.649070588235294
"257623" 0.337254901960784 0.933333333333333 0.0117647058823529 0.650047058823529
"442545" 0.690196078431373 0.752941176470588 0.0235294117647059 0.651027450980392
"4259362" 0.129411764705882 0.996078431372549 0.250980392156863 0.652003921568627
"185993" 0.533333333333333 0.83921568627451 0.00784313725490196 0.652980392156863
"718662" 0.270588235294118 0.968627450980392 0.0392156862745098 0.653960784313725
"5557121" 0.501960784313725 0.796078431372549 0.329411764705882 0.654937254901961
"14449389" 0.925490196078431 0.47843137254902 0.862745098039216 0.655913725490196
"899013" 0.768627450980392 0.717647058823529 0.0509803921568627 0.656890196078431
"2290250" 0.286274509803922 0.949019607843137 0.133333333333333 0.657870588235294
"1759869" 0.486274509803922 0.854901960784314 0.101960784313725 0.658847058823529
"2088056" 0.466666666666667 0.862745098039216 0.12156862745098 0.659823529411765
"644749" 0.549019607843137 0.83921568627451 0.0352941176470588 0.6608
"7002721" 0.376470588235294 0.854901960784314 0.415686274509804 0.661780392156863
"701395" 0.823529411764706 0.701960784313725 0.0392156862745098 0.662756862745098
"518761" 0.407843137254902 0.917647058823529 0.0274509803921569 0.663733333333333
"42738" 0.945098039215686 0.650980392156863 0 0.664709803921569
"64586" 0.286274509803922 0.988235294117647 0 0.665690196078431
"45026" 0.882352941176471 0.686274509803922 0 0.666666666666667
"318855" 0.525490196078431 0.866666666666667 0.0156862745098039 0.667643137254902
"7535395" 0.133333333333333 0.984313725490196 0.447058823529412 0.668623529411765
"1636174" 0.301960784313725 0.968627450980392 0.0941176470588235 0.6696
"247225" 0.72156862745098 0.772549019607843 0.0117647058823529 0.670576470588235
"118949" 0.643137254901961 0.815686274509804 0.00392156862745098 0.671552941176471
"303871" 0.996078431372549 0.635294117647059 0.0156862745098039 0.672533333333333
"11717485" 0.423529411764706 0.796078431372549 0.698039215686274 0.673509803921568
"503782" 0.898039215686275 0.686274509803922 0.0274509803921569 0.674486274509804
"321148" 0.482352941176471 0.901960784313726 0.0156862745098039 0.675462745098039
"8450614" 0.207843137254902 0.949019607843137 0.501960784313725 0.676443137254902
"12778252" 0.0431372549019608 0.984313725490196 0.76078431372549 0.677419607843137
"249518" 0.67843137254902 0.807843137254902 0.0117647058823529 0.678396078431373
"121242" 0.6 0.850980392156863 0.00392156862745098 0.679372549019608
"13163085" 0.298039215686275 0.854901960784314 0.784313725490196 0.68035294117647
"634351" 0.933333333333333 0.67843137254902 0.0352941176470588 0.681329411764706
"451717" 0.517647058823529 0.894117647058824 0.0235294117647059 0.682305882352941
"125818" 0.474509803921569 0.92156862745098 0.00392156862745098 0.683286274509804
"51900" 0.733333333333333 0.792156862745098 0 0.684262745098039
"380087" 0.713725490196078 0.8 0.0196078431372549 0.685239215686275
"11445954" 0.756862745098039 0.650980392156863 0.682352941176471 0.68621568627451
"1751764" 0.827450980392157 0.729411764705882 0.101960784313725 0.687196078431372
"10133211" 0.854901960784314 0.619607843137255 0.603921568627451 0.688172549019608
"14460849" 0.690196078431373 0.654901960784314 0.862745098039216 0.689149019607843
"910473" 0.533333333333333 0.894117647058824 0.0509803921568627 0.690125490196078
"584574" 0.490196078431373 0.92156862745098 0.0313725490196078 0.691105882352941
"54193" 0.690196078431373 0.827450980392157 0 0.692082352941176
"784485" 0.392156862745098 0.972549019607843 0.0431372549019608 0.693058823529412
"254104" 0.592156862745098 0.87843137254902 0.0117647058823529 0.694035294117647
"439026" 0.945098039215686 0.698039215686274 0.0235294117647059 0.69501568627451
"767213" 0.925490196078431 0.705882352941177 0.0431372549019608 0.695992156862745
"14061037" 0.925490196078431 0.552941176470588 0.83921568627451 0.696968627450981
"313038" 0.803921568627451 0.776470588235294 0.0156862745098039 0.697949019607843
"1499793" 0.564705882352941 0.886274509803922 0.0862745098039216 0.698925490196078
"56486" 0.647058823529412 0.862745098039216 0 0.699901960784314
"1699704" 0.466666666666667 0.937254901960784 0.0980392156862745 0.700878431372549
"569595" 0.980392156862745 0.690196078431373 0.0313725490196078 0.701858823529412
"6212264" 0.654901960784314 0.792156862745098 0.368627450980392 0.702835294117647
"3399568" 0.56078431372549 0.874509803921569 0.2 0.703811764705882
"130409" 0.407843137254902 0.992156862745098 0.00392156862745098 0.704788235294118
"7912128" 0.749019607843137 0.729411764705882 0.470588235294118 0.70576862745098
"187055" 0.682352941176471 0.854901960784314 0.00784313725490196 0.706745098039216
"515242" 0.662745098039216 0.862745098039216 0.0274509803921569 0.707721568627451
"386966" 0.584313725490196 0.905882352941176 0.0196078431372549 0.708698039215686
"10287926" 0.207843137254902 0.984313725490196 0.611764705882353 0.709678431372549
"2215106" 0.756862745098039 0.8 0.129411764705882 0.710654901960784
"771799" 0.83921568627451 0.776470588235294 0.0431372549019608 0.71163137254902
"10672759" 0.462745098039216 0.854901960784314 0.635294117647059 0.712611764705882
"719729" 0.43921568627451 0.984313725490196 0.0392156862745098 0.713588235294118
"1047916" 0.419607843137255 0.992156862745098 0.0588235294117647 0.714564705882353
"2745492" 0.576470588235294 0.894117647058824 0.16078431372549 0.715541176470588
"1104562" 0.694117647058824 0.854901960784314 0.0627450980392157 0.716521568627451
"2802138" 0.850980392156863 0.756862745098039 0.164705882352941 0.717498039215686
"391547" 0.47843137254902 0.976470588235294 0.0196078431372549 0.718474509803922
"1687018" 0.913725490196078 0.741176470588235 0.0980392156862745 0.719450980392157
"850298" 0.474509803921569 0.976470588235294 0.0470588235294118 0.720431372549019
"1178485" 0.454901960784314 0.984313725490196 0.0666666666666667 0.721407843137255
"245999" 0.933333333333333 0.752941176470588 0.0117647058823529 0.72238431372549
"1432754" 0.694117647058824 0.862745098039216 0.0823529411764706 0.723360784313726
"15387523" 0.509803921568627 0.796078431372549 0.917647058823529 0.724341176470588
"120011" 0.792156862745098 0.831372549019608 0.00392156862745098 0.725317647058824
"448198" 0.772549019607843 0.83921568627451 0.0235294117647059 0.726294117647059
"12229368" 0.968627450980392 0.603921568627451 0.729411764705882 0.727274509803921
"1309054" 0.490196078431373 0.976470588235294 0.0745098039215686 0.728250980392157
"376568" 0.968627450980392 0.745098039215686 0.0196078431372549 0.729227450980392
"14474602" 0.411764705882353 0.866666666666667 0.862745098039216 0.730203921568628
"324498" 0.568627450980392 0.952941176470588 0.0156862745098039 0.73118431372549
"196222" 0.490196078431373 0.996078431372549 0.00784313725490196 0.732160784313725
"13946509" 0.549019607843137 0.807843137254902 0.831372549019608 0.733137254901961
"906954" 0.788235294117647 0.83921568627451 0.0509803921568627 0.734113725490196
"2406907" 0.980392156862745 0.725490196078431 0.141176470588235 0.735094117647059
"50674" 0.945098039215686 0.772549019607843 0 0.736070588235294
"780966" 0.647058823529412 0.917647058823529 0.0431372549019608 0.737047058823529
"652690" 0.568627450980392 0.96078431372549 0.0352941176470588 0.738023529411765
"9749440" 0.749019607843137 0.764705882352941 0.580392156862745 0.739003921568627
"11447016" 0.905882352941176 0.666666666666667 0.682352941176471 0.739980392156863
"124597" 0.705882352941177 0.901960784313726 0.00392156862745098 0.740956862745098
"3852507" 0.854901960784314 0.784313725490196 0.227450980392157 0.741937254901961
"181243" 0.980392156862745 0.764705882352941 0.00784313725490196 0.742913725490196
"52967" 0.901960784313726 0.807843137254902 0 0.743890196078431
"10608013" 0.549019607843137 0.866666666666667 0.631372549019608 0.744866666666667
"55255" 0.83921568627451 0.843137254901961 0 0.745847058823529
"9349628" 0.984313725490196 0.662745098039216 0.556862745098039 0.746823529411765
"255166" 0.741176470588235 0.894117647058824 0.0117647058823529 0.7478
"126890" 0.662745098039216 0.937254901960784 0.00392156862745098 0.748776470588235
"1626843" 0.854901960784314 0.823529411764706 0.0941176470588235 0.749756862745098
"4639450" 0.850980392156863 0.792156862745098 0.274509803921569 0.750733333333333
"511723" 0.917647058823529 0.807843137254902 0.0274509803921569 0.751709803921569
"383447" 0.83921568627451 0.850980392156863 0.0196078431372549 0.752686274509804
"7654345" 0.784313725490196 0.796078431372549 0.454901960784314 0.753666666666666
"6667501" 0.925490196078431 0.737254901960784 0.396078431372549 0.754643137254902
"257459" 0.698039215686274 0.929411764705882 0.0117647058823529 0.755619607843137
"4387474" 0.568627450980392 0.949019607843137 0.258823529411765 0.7566
"314105" 0.972549019607843 0.792156862745098 0.0156862745098039 0.757576470588235
"642292" 0.952941176470588 0.8 0.0352941176470588 0.758552941176471
"16164073" 0.909803921568627 0.643137254901961 0.964705882352941 0.759529411764706
"9099945" 0.658823529411765 0.854901960784314 0.541176470588235 0.760509803921568
"3602829" 0.549019607843137 0.976470588235294 0.211764705882353 0.761486274509804
"1703059" 0.572549019607843 0.988235294117647 0.0980392156862745 0.762462745098039
"1172678" 0.772549019607843 0.894117647058824 0.0666666666666667 0.763439215686275
"846779" 0.729411764705882 0.92156862745098 0.0470588235294118 0.764419607843137
"9630331" 0.47843137254902 0.949019607843137 0.572549019607843 0.765396078431372
"2872542" 0.866666666666667 0.831372549019608 0.168627450980392 0.766372549019608
"516309" 0.831372549019608 0.87843137254902 0.0274509803921569 0.767349019607843
"4244219" 0.980392156862745 0.76078431372549 0.250980392156863 0.768329411764706
"11658382" 0.552941176470588 0.894117647058824 0.694117647058824 0.769305882352941
"390321" 0.690196078431373 0.956862745098039 0.0196078431372549 0.770282352941177
"7259114" 0.913725490196078 0.764705882352941 0.431372549019608 0.771262745098039
"446967" 0.964705882352941 0.819607843137255 0.0235294117647059 0.772239215686274
"1177259" 0.666666666666667 0.964705882352941 0.0666666666666667 0.77321568627451
"13558157" 0.549019607843137 0.882352941176471 0.807843137254902 0.774192156862745
"320979" 0.823529411764706 0.898039215686275 0.0156862745098039 0.775172549019608
"192703" 0.745098039215686 0.941176470588235 0.00784313725490196 0.776149019607843
"1433816" 0.843137254901961 0.87843137254902 0.0823529411764706 0.777125490196078
"392614" 0.647058823529412 0.992156862745098 0.0196078431372549 0.778101960784314
"979641" 0.72156862745098 0.949019607843137 0.0549019607843137 0.779082352941176
"449260" 0.92156862745098 0.854901960784314 0.0235294117647059 0.780058823529412
"777447" 0.901960784313726 0.862745098039216 0.0431372549019608 0.781035294117647
"1562097" 0.941176470588235 0.835294117647059 0.0901960784313725 0.782011764705882
"3464155" 0.854901960784314 0.858823529411765 0.203921568627451 0.782992156862745
"2477311" 0.996078431372549 0.8 0.145098039215686 0.783968627450981
"2349035" 0.917647058823529 0.843137254901961 0.137254901960784 0.784945098039216
"5164019" 0.949019607843137 0.796078431372549 0.305882352941176 0.785925490196078
"12632540" 0.858823529411765 0.756862745098039 0.752941176470588 0.786901960784314
"8504813" 0.925490196078431 0.772549019607843 0.505882352941176 0.787878431372549
"779740" 0.858823529411765 0.898039215686275 0.0431372549019608 0.788854901960784
"6224786" 0.568627450980392 0.984313725490196 0.368627450980392 0.789835294117647
"1238491" 0.854901960784314 0.898039215686275 0.0705882352941176 0.790811764705882
"251647" 0.996078431372549 0.83921568627451 0.0117647058823529 0.791788235294118
"123371" 0.917647058823529 0.882352941176471 0.00392156862745098 0.792764705882353
"1112503" 0.713725490196078 0.976470588235294 0.0627450980392157 0.793745098039216
"10406876" 0.858823529411765 0.796078431372549 0.619607843137255 0.794721568627451
"6279149" 0.925490196078431 0.811764705882353 0.372549019607843 0.795698039215686
"1694959" 0.933333333333333 0.862745098039216 0.0980392156862745 0.796674509803922
"7140005" 0.643137254901961 0.949019607843137 0.423529411764706 0.797654901960784
"14608526" 0.552941176470588 0.909803921568627 0.870588235294118 0.79863137254902
"253940" 0.952941176470588 0.874509803921569 0.0117647058823529 0.799607843137255
"1243072" 0.749019607843137 0.968627450980392 0.0705882352941176 0.800588235294117
"6081531" 0.980392156862745 0.796078431372549 0.36078431372549 0.801564705882353
"1040878" 0.929411764705882 0.882352941176471 0.0588235294117647 0.802541176470588
"2227633" 0.690196078431373 0.992156862745098 0.129411764705882 0.803517647058824
"130240" 0.749019607843137 0.988235294117647 0.00392156862745098 0.804498039215686
"458427" 0.729411764705882 0.996078431372549 0.0235294117647059 0.805474509803921
"384509" 0.988235294117647 0.866666666666667 0.0196078431372549 0.806450980392157
"5625073" 0.941176470588235 0.831372549019608 0.333333333333333 0.807427450980392
"7527131" 0.854901960784314 0.854901960784314 0.447058823529412 0.808407843137255
"2030015" 0.745098039215686 0.976470588235294 0.117647058823529 0.80938431372549
"13954450" 0.568627450980392 0.929411764705882 0.831372549019608 0.810360784313726
"1827821" 0.925490196078431 0.890196078431372 0.105882352941176 0.811337254901961
"2816953" 0.72156862745098 0.984313725490196 0.164705882352941 0.812317647058823
"15654314" 0.662745098039216 0.866666666666667 0.933333333333333 0.813294117647059
"386802" 0.945098039215686 0.901960784313726 0.0196078431372549 0.814270588235294
"2288860" 0.858823529411765 0.925490196078431 0.133333333333333 0.815250980392157
"2160584" 0.780392156862745 0.968627450980392 0.125490196078431 0.816227450980392
"1173740" 0.92156862745098 0.909803921568627 0.0666666666666667 0.817203921568628
"14869669" 0.643137254901961 0.894117647058824 0.886274509803922 0.818180392156863
"719565" 0.8 0.980392156862745 0.0392156862745098 0.819160784313725
"189184" 1 0.886274509803922 0.00784313725490196 0.820137254901961
"60908" 0.92156862745098 0.929411764705882 0 0.821113725490196
"389095" 0.901960784313726 0.937254901960784 0.0196078431372549 0.822090196078431
"63196" 0.858823529411765 0.964705882352941 0 0.823070588235294
"3075803" 0.854901960784314 0.933333333333333 0.180392156862745 0.824047058823529
"2088959" 0.996078431372549 0.874509803921569 0.12156862745098 0.825023529411765
"1960683" 0.917647058823529 0.917647058823529 0.113725490196078 0.826
"10144507" 0.980392156862745 0.792156862745098 0.603921568627451 0.826980392156863
"2875897" 0.972549019607843 0.882352941176471 0.168627450980392 0.827956862745098
"519664" 0.937254901960784 0.929411764705882 0.0274509803921569 0.828933333333333
"4193216" 0.749019607843137 0.984313725490196 0.247058823529412 0.829913725490196
"8977317" 0.643137254901961 0.984313725490196 0.533333333333333 0.830890196078431
"12902850" 0.756862745098039 0.882352941176471 0.768627450980392 0.831866666666667
"1178326" 0.835294117647059 0.980392156862745 0.0666666666666667 0.832843137254902
"7536298" 0.662745098039216 0.996078431372549 0.447058823529412 0.833823529411765
"3865034" 0.788235294117647 0.976470588235294 0.227450980392157 0.8348
"2878190" 0.929411764705882 0.917647058823529 0.168627450980392 0.835776470588235
"65494" 0.835294117647059 1 0 0.836752941176471
"1108984" 0.968627450980392 0.92156862745098 0.0627450980392157 0.837733333333333
"9436073" 0.658823529411765 0.984313725490196 0.56078431372549 0.838709803921568
"1308895" 0.870588235294118 0.972549019607843 0.0745098039215686 0.839686274509804
"6351836" 0.858823529411765 0.92156862745098 0.376470588235294 0.840666666666666
"3995603" 0.823529411764706 0.968627450980392 0.235294117647059 0.841643137254902
"2095833" 0.847058823529412 0.980392156862745 0.12156862745098 0.842619607843137
"652526" 0.929411764705882 0.956862745098039 0.0352941176470588 0.843596078431373
"326627" 0.886274509803922 0.984313725490196 0.0156862745098039 0.844576470588235
"5567191" 0.83921568627451 0.949019607843137 0.329411764705882 0.84555294117647
"1439464" 0.905882352941176 0.964705882352941 0.0823529411764706 0.846529411764706
"2224114" 0.945098039215686 0.937254901960784 0.129411764705882 0.847505882352941
"4126172" 0.858823529411765 0.96078431372549 0.243137254901961 0.848486274509804
"454908" 0.984313725490196 0.941176470588235 0.0235294117647059 0.849462745098039
"3011052" 0.92156862745098 0.945098039215686 0.176470588235294 0.850439215686275
"16706981" 0.643137254901961 0.929411764705882 0.996078431372549 0.85141568627451
"1241846" 0.96078431372549 0.949019607843137 0.0705882352941176 0.852396078431372
"2026496" 1 0.92156862745098 0.117647058823529 0.853372549019608
"1441757" 0.862745098039216 1 0.0823529411764706 0.854349019607843
"6028235" 0.792156862745098 0.984313725490196 0.356862745098039 0.855329411764706
"1900508" 0.858823529411765 1 0.109803921568627 0.856305882352941
"3141621" 0.956862745098039 0.937254901960784 0.184313725490196 0.857282352941176
"3926271" 0.996078431372549 0.909803921568627 0.231372549019608 0.858258823529412
"8969212" 0.984313725490196 0.858823529411765 0.533333333333333 0.859239215686274
"1244139" 0.917647058823529 0.984313725490196 0.0705882352941176 0.86021568627451
"14081500" 0.858823529411765 0.866666666666667 0.83921568627451 0.861192156862745
"2356976" 0.937254901960784 0.964705882352941 0.137254901960784 0.86216862745098
"6486991" 0.807843137254902 0.984313725490196 0.384313725490196 0.863149019607843
"587770" 0.976470588235294 0.968627450980392 0.0313725490196078 0.864125490196078
"8512754" 0.945098039215686 0.894117647058824 0.505882352941176 0.865101960784314
"13296855" 0.83921568627451 0.894117647058824 0.792156862745098 0.866078431372549
"1374708" 0.952941176470588 0.976470588235294 0.0784313725490196 0.867058823529412
"11071186" 0.819607843137255 0.933333333333333 0.658823529411765 0.868035294117647
"14996719" 0.933333333333333 0.831372549019608 0.894117647058824 0.869011764705882
"6617560" 0.843137254901961 0.976470588235294 0.392156862745098 0.869992156862745
"6945747" 0.823529411764706 0.984313725490196 0.411764705882353 0.87096862745098
"1046526" 0.992156862745098 0.968627450980392 0.0588235294117647 0.871945098039216
"15655381" 0.831372549019608 0.882352941176471 0.933333333333333 0.872921568627451
"1505277" 0.988235294117647 0.968627450980392 0.0862745098039216 0.873901960784314
"10288829" 0.737254901960784 0.996078431372549 0.611764705882353 0.874878431372549
"11986405" 0.894117647058824 0.898039215686275 0.713725490196078 0.875854901960784
"2489838" 0.929411764705882 0.992156862745098 0.145098039215686 0.87683137254902
"7076316" 0.858823529411765 0.976470588235294 0.419607843137255 0.877811764705882
"7404503" 0.83921568627451 0.984313725490196 0.43921568627451 0.878788235294117
"3276776" 0.905882352941176 1 0.192156862745098 0.879764705882353
"1833469" 0.988235294117647 0.976470588235294 0.105882352941176 0.880741176470588
"5963484" 0.858823529411765 0.996078431372549 0.352941176470588 0.881721568627451
"2292220" 0.984313725490196 0.976470588235294 0.133333333333333 0.882698039215686
"4848364" 0.92156862745098 0.980392156862745 0.286274509803922 0.883674509803922
"13032188" 0.984313725490196 0.854901960784314 0.776470588235294 0.884654901960784
"3079158" 0.96078431372549 0.984313725490196 0.180392156862745 0.885631372549019
"11460605" 0.988235294117647 0.874509803921569 0.682352941176471 0.886607843137255
"8647909" 0.894117647058824 0.956862745098039 0.513725490196078 0.88758431372549
"1638139" 0.980392156862745 0.996078431372549 0.0941176470588235 0.888564705882353
"11334617" 0.847058823529412 0.952941176470588 0.674509803921569 0.889541176470588
"10347773" 0.988235294117647 0.894117647058824 0.615686274509804 0.890517647058824
"5763583" 0.996078431372549 0.945098039215686 0.341176470588235 0.891494117647059
"3209727" 0.996078431372549 0.976470588235294 0.188235294117647 0.892474509803922
"3537914" 0.976470588235294 0.984313725490196 0.207843137254902 0.893450980392157
"11462898" 0.945098039215686 0.909803921568627 0.682352941176471 0.894427450980392
"16703462" 0.898039215686275 0.874509803921569 0.996078431372549 0.895403921568628
"7009272" 0.968627450980392 0.952941176470588 0.415686274509804 0.89638431372549
"6880996" 0.890196078431372 0.996078431372549 0.407843137254902 0.897360784313725
"10350066" 0.945098039215686 0.929411764705882 0.615686274509804 0.898337254901961
"7339747" 0.886274509803922 0.996078431372549 0.435294117647059 0.899317647058823
"8580860" 0.984313725490196 0.933333333333333 0.509803921568627 0.900294117647059
"15136455" 0.776470588235294 0.964705882352941 0.901960784313726 0.901270588235294
"4324857" 0.972549019607843 0.992156862745098 0.254901960784314 0.902247058823529
"4455421" 0.988235294117647 0.984313725490196 0.262745098039216 0.903227450980392
"9239522" 0.882352941176471 0.984313725490196 0.549019607843137 0.904203921568627
"5111795" 0.949019607843137 1 0.301960784313725 0.905180392156863
"5896445" 0.988235294117647 0.972549019607843 0.349019607843137 0.906156862745098
"7798503" 0.901960784313726 0.996078431372549 0.462745098039216 0.907137254901961
"6355196" 0.984313725490196 0.972549019607843 0.376470588235294 0.908113725490196
"13823717" 0.894117647058824 0.933333333333333 0.823529411764706 0.909090196078431
"16379861" 0.831372549019608 0.937254901960784 0.976470588235294 0.910066666666667
"9370091" 0.917647058823529 0.976470588235294 0.556862745098039 0.911047058823529
"9698278" 0.898039215686275 0.984313725490196 0.576470588235294 0.912023529411765
"10482928" 0.937254901960784 0.956862745098039 0.623529411764706 0.913
"12384986" 0.850980392156863 0.980392156862745 0.737254901960784 0.913980392156863
"8257259" 0.917647058823529 0.996078431372549 0.490196078431373 0.914956862745098
"6813952" 1 0.972549019607843 0.403921568627451 0.915933333333333
"9826559" 0.996078431372549 0.941176470588235 0.584313725490196 0.916909803921569
"7272703" 0.996078431372549 0.972549019607843 0.431372549019608 0.917890196078431
"10285310" 0.992156862745098 0.941176470588235 0.611764705882353 0.918866666666666
"13297917" 0.988235294117647 0.909803921568627 0.792156862745098 0.919843137254902
"10485221" 0.894117647058824 0.992156862745098 0.623529411764706 0.920819607843137
"11072248" 0.968627450980392 0.949019607843137 0.658823529411765 0.9218
"13171929" 0.847058823529412 0.988235294117647 0.784313725490196 0.922776470588235
"12185085" 0.988235294117647 0.929411764705882 0.725490196078431 0.923752941176471
"7600895" 0.996078431372549 0.980392156862745 0.450980392156863 0.924729411764706
"9959416" 0.968627450980392 0.968627450980392 0.592156862745098 0.925709803921569
"8059646" 0.992156862745098 0.980392156862745 0.47843137254902 0.926686274509804
"13300210" 0.945098039215686 0.945098039215686 0.792156862745098 0.927662745098039
"10746354" 0.945098039215686 0.976470588235294 0.63921568627451 0.928643137254902
"8846584" 0.968627450980392 0.988235294117647 0.525490196078431 0.929619607843137
"6946814" 0.992156862745098 1 0.411764705882353 0.930596078431372
"12187378" 0.945098039215686 0.964705882352941 0.725490196078431 0.931572549019608
"9633522" 0.945098039215686 0.996078431372549 0.572549019607843 0.93255294117647
"10418172" 0.984313725490196 0.968627450980392 0.619607843137255 0.933529411764706
"15658736" 0.937254901960784 0.933333333333333 0.933333333333333 0.934505882352941
"13302503" 0.901960784313726 0.980392156862745 0.792156862745098 0.935482352941176
"11205110" 0.96078431372549 0.976470588235294 0.666666666666667 0.936462745098039
"9305340" 0.984313725490196 0.988235294117647 0.552941176470588 0.937439215686274
"12317947" 0.980392156862745 0.956862745098039 0.733333333333333 0.93841568627451
"12189671" 0.901960784313726 1 0.725490196078431 0.939392156862745
"10092278" 0.96078431372549 0.996078431372549 0.6 0.940372549019608
"10876928" 1 0.968627450980392 0.647058823529412 0.941349019607843
"13433072" 0.937254901960784 0.972549019607843 0.8 0.942325490196078
"11335679" 0.996078431372549 0.968627450980392 0.674509803921569 0.943305882352941
"11663866" 0.976470588235294 0.976470588235294 0.694117647058824 0.944282352941176
"9764096" 1 0.988235294117647 0.580392156862745 0.945258823529412
"12320240" 0.937254901960784 0.992156862745098 0.733333333333333 0.946235294117647
"10222847" 0.996078431372549 0.988235294117647 0.607843137254902 0.94721568627451
"10551034" 0.976470588235294 0.996078431372549 0.627450980392157 0.948192156862745
"13107178" 0.913725490196078 1 0.780392156862745 0.94916862745098
"11663871" 0.996078431372549 0.976470588235294 0.694117647058824 0.950145098039216
"13565929" 0.909803921568627 1 0.807843137254902 0.951125490196078
"12122622" 0.992156862745098 0.976470588235294 0.72156862745098 0.952101960784314
"15135229" 0.988235294117647 0.945098039215686 0.901960784313726 0.953078431372549
"15006953" 0.909803921568627 0.988235294117647 0.894117647058824 0.954054901960784
"12909560" 0.968627450980392 0.984313725490196 0.768627450980392 0.955035294117647
"11009790" 0.992156862745098 0.996078431372549 0.654901960784314 0.956011764705882
"13565934" 0.929411764705882 1 0.807843137254902 0.956988235294118
"16380918" 0.96078431372549 0.952941176470588 0.976470588235294 0.95796862745098
"16252642" 0.882352941176471 0.996078431372549 0.968627450980392 0.958945098039216
"14809335" 0.964705882352941 0.972549019607843 0.882352941176471 0.959921568627451
"15137522" 0.945098039215686 0.980392156862745 0.901960784313726 0.960898039215686
"15268086" 0.96078431372549 0.972549019607843 0.909803921568627 0.961878431372549
"13368316" 0.984313725490196 0.984313725490196 0.796078431372549 0.962854901960784
"13696503" 0.964705882352941 0.992156862745098 0.815686274509804 0.96383137254902
"14024690" 0.945098039215686 1 0.835294117647059 0.964807843137255
"14155254" 0.96078431372549 0.992156862745098 0.843137254901961 0.965788235294118
"14939904" 1 0.964705882352941 0.890196078431372 0.966764705882353
"15268091" 0.980392156862745 0.972549019607843 0.909803921568627 0.967741176470588
"15596278" 0.96078431372549 0.980392156862745 0.929411764705882 0.968717647058823
"15726842" 0.976470588235294 0.972549019607843 0.937254901960784 0.969698039215686
"13827072" 1 0.984313725490196 0.823529411764706 0.970674509803922
"14155259" 0.980392156862745 0.992156862745098 0.843137254901961 0.971650980392157
"14285823" 0.996078431372549 0.984313725490196 0.850980392156863 0.972631372549019
"14614010" 0.976470588235294 0.992156862745098 0.870588235294118 0.973607843137255
"14942197" 0.956862745098039 1 0.890196078431372 0.97458431372549
"15726847" 0.996078431372549 0.972549019607843 0.937254901960784 0.975560784313725
"15400948" 0.952941176470588 1 0.917647058823529 0.976541176470588
"16185598" 0.992156862745098 0.972549019607843 0.964705882352941 0.977517647058824
"16513785" 0.972549019607843 0.980392156862745 0.984313725490196 0.978494117647059
"14614015" 0.996078431372549 0.992156862745098 0.870588235294118 0.979470588235294
"14942202" 0.976470588235294 1 0.890196078431372 0.980447058823529
"15072766" 0.992156862745098 0.992156862745098 0.898039215686275 0.981427450980392
"15400953" 0.972549019607843 1 0.917647058823529 0.982403921568627
"15531517" 0.988235294117647 0.992156862745098 0.925490196078431 0.98338431372549
"15859704" 0.968627450980392 1 0.945098039215686 0.984360784313725
"15990268" 0.984313725490196 0.992156862745098 0.952941176470588 0.985341176470588
"16318455" 0.964705882352941 1 0.972549019607843 0.986317647058824
"16449019" 0.980392156862745 0.992156862745098 0.980392156862745 0.987298039215686
"15400958" 0.992156862745098 1 0.917647058823529 0.988266666666667
"16383231" 0.996078431372549 0.988235294117647 0.976470588235294 0.989239215686274
"15859709" 0.988235294117647 1 0.945098039215686 0.990223529411765
"16514812" 0.984313725490196 0.996078431372549 0.984313725490196 0.991219607843137
"16318460" 0.984313725490196 1 0.972549019607843 0.992180392156863
"16449024" 1 0.992156862745098 0.980392156862745 0.993160784313726
"16777211" 0.980392156862745 1 1 0.994137254901961
"16580605" 0.988235294117647 1 0.988235294117647 0.995141176470588
"16711423" 0.996078431372549 0.996078431372549 0.996078431372549 0.996078431372549
"16515071" 0.996078431372549 1 0.984313725490196 0.997039215686275
"16646143" 0.996078431372549 1 0.992156862745098 0.997933333333333
"16646144" 1 1 0.992156862745098 0.999105882352941
"16777216" 1 1 1 1
