100, 100, 100, 0.294230639935, 0.313706576824, 42.297832489
100, 100, 101, 0.294390588999, 0.31401103735, 42.4233360291
100, 100, 102, 0.294332534075, 0.313878029585, 42.5981254578
100, 100, 103, 0.294235527515, 0.313772141933, 42.5854721069
100, 100, 104, 0.294232338667, 0.313940674067, 42.7541770935
100, 100, 105, 0.294265687466, 0.313731759787, 42.8520698547
100, 100, 106, 0.29426497221, 0.313802480698, 43.0796966553
100, 100, 107, 0.294457793236, 0.313863068819, 43.1056060791
100, 100, 108, 0.294297367334, 0.313851028681, 43.2897224426
100, 100, 109, 0.294445574284, 0.313853263855, 43.321231842
100, 100, 110, 0.294505745173, 0.313934773207, 43.5953788757
100, 100, 111, 0.294344961643, 0.313836991787, 43.5319290161
100, 100, 112, 0.294359922409, 0.313878804445, 43.821685791
100, 100, 113, 0.294270396233, 0.31379789114, 43.729511261
100, 100, 114, 0.294408738613, 0.313789993525, 44.0324821472
100, 100, 115, 0.294396936893, 0.313784629107, 44.0403060913
100, 100, 116, 0.29424187541, 0.313852339983, 44.2552185059
100, 100, 117, 0.294419676065, 0.313894659281, 44.3597488403
100, 100, 118, 0.294536232948, 0.313794344664, 44.6080169678
100, 100, 119, 0.294291079044, 0.313735991716, 44.5502738953
100, 100, 120, 0.294349521399, 0.313736468554, 44.7890739441
100, 100, 121, 0.294443041086, 0.313941001892, 44.881111145
100, 100, 122, 0.294410407543, 0.313822835684, 45.093914032
100, 100, 123, 0.294227182865, 0.313939124346, 45.0448226929
100, 100, 124, 0.294460177422, 0.313757121563, 45.3462638855
100, 100, 125, 0.294289112091, 0.313746124506, 45.3602905273
100, 100, 126, 0.294281035662, 0.313821345568, 45.527217865
100, 100, 127, 0.294294327497, 0.313935637474, 45.593585968
100, 100, 128, 0.294178724289, 0.313793927431, 45.8162078857
100, 100, 129, 0.294275075197, 0.313857644796, 45.8233108521
100, 100, 130, 0.294339090586, 0.313858807087, 46.0043182373
100, 100, 131, 0.294201523066, 0.313907623291, 46.0780105591
100, 100, 132, 0.294267445803, 0.313835740089, 46.2738380432
100, 100, 133, 0.294418275356, 0.313803672791, 46.4359169006
100, 100, 134, 0.294145464897, 0.31380456686, 46.5186653137
100, 100, 135, 0.294383734465, 0.313866168261, 46.626285553
100, 100, 136, 0.294297605753, 0.313774675131, 46.8045463562
100, 100, 137, 0.294224828482, 0.313764363527, 46.8915672302
100, 100, 138, 0.294284790754, 0.313716739416, 47.0300674438
100, 100, 139, 0.29438406229, 0.313782542944, 47.2519950867
100, 100, 140, 0.294181585312, 0.313749879599, 47.3447418213
100, 100, 141, 0.294096201658, 0.313628315926, 47.3567886353
100, 100, 142, 0.294181495905, 0.313720196486, 47.5387039185
100, 100, 143, 0.294121772051, 0.313644915819, 47.642326355
100, 100, 144, 0.29437828064, 0.313886970282, 47.9353294373
100, 100, 145, 0.294267684221, 0.313827216625, 47.9798316956
100, 100, 146, 0.294132709503, 0.313808470964, 48.1162986755
100, 100, 147, 0.294267237186, 0.31386756897, 48.266620636
100, 100, 148, 0.294256716967, 0.313627421856, 48.3958129883
100, 100, 149, 0.294088870287, 0.313739478588, 48.4713630676
100, 101, 100, 0.294153928757, 0.313645780087, 42.876953125
100, 101, 101, 0.294061273336, 0.313646197319, 42.7677230835
100, 101, 102, 0.294190019369, 0.313603460789, 43.1272964478
100, 101, 103, 0.294112205505, 0.313613563776, 43.1402854919
100, 101, 104, 0.294008284807, 0.313687294722, 43.3206138611
100, 101, 105, 0.294351607561, 0.313785821199, 43.4167900085
100, 101, 106, 0.294263601303, 0.313687086105, 43.6259460449
100, 101, 107, 0.294146597385, 0.313608676195, 43.5840301514
100, 101, 108, 0.294212341309, 0.313609093428, 43.8409881592
100, 101, 109, 0.29421889782, 0.31358975172, 43.8485832214
100, 101, 110, 0.294173181057, 0.313797920942, 44.1036224365
100, 101, 111, 0.293979108334, 0.313646703959, 44.0162811279
100, 101, 112, 0.294189810753, 0.313574612141, 44.3810424805
100, 101, 113, 0.294068485498, 0.313620477915, 44.3277740479
100, 101, 114, 0.2940800488, 0.313670933247, 44.569152832
100, 101, 115, 0.294122338295, 0.313621670008, 44.574836731
100, 101, 116, 0.294084429741, 0.313653290272, 44.8880500793
100, 101, 117, 0.294137090445, 0.313566237688, 44.8283958435
100, 101, 118, 0.294143348932, 0.313652276993, 45.0981941223
100, 101, 119, 0.294100195169, 0.313633322716, 45.1030845642
100, 101, 120, 0.294215917587, 0.313694953918, 45.4075317383
100, 101, 121, 0.293911129236, 0.313569486141, 45.3353385925
100, 101, 122, 0.29410135746, 0.313569068909, 45.6289176941
100, 101, 123, 0.294063031673, 0.31356933713, 45.605670929
100, 101, 124, 0.294300496578, 0.313692390919, 45.9316215515
100, 101, 125, 0.294031053782, 0.313619673252, 45.8801727295
100, 101, 126, 0.294007897377, 0.3135163486, 46.1191062927
100, 101, 127, 0.29410892725, 0.313603967428, 46.1454315186
100, 101, 128, 0.294164896011, 0.313755989075, 46.4397506714
100, 101, 129, 0.29423058033, 0.313570022583, 46.4412078857
100, 101, 130, 0.294168740511, 0.313628971577, 46.6081542969
100, 101, 131, 0.294039189816, 0.313545703888, 46.6795120239
100, 101, 132, 0.294164210558, 0.313538998365, 46.8672714233
100, 101, 133, 0.294033527374, 0.313560396433, 46.9399871826
100, 101, 134, 0.294196456671, 0.313794106245, 47.1005058289
100, 101, 135, 0.29414871335, 0.313609302044, 47.1952972412
100, 101, 136, 0.294113099575, 0.313514918089, 47.403678894
100, 101, 137, 0.294033914804, 0.313531666994, 47.454875946
100, 101, 138, 0.294131398201, 0.313604652882, 47.6593132019
100, 101, 139, 0.294234514236, 0.313479691744, 47.7422370911
100, 101, 140, 0.294094026089, 0.313541591167, 47.8933868408
100, 101, 141, 0.294037044048, 0.313583105803, 48.0207519531
100, 101, 142, 0.294254273176, 0.313611388206, 48.2451629639
100, 101, 143, 0.294131398201, 0.313625991344, 48.2866325378
100, 101, 144, 0.294156372547, 0.31349670887, 48.4439735413
100, 101, 145, 0.294167816639, 0.313655912876, 48.548614502
100, 101, 146, 0.294098049402, 0.313621848822, 48.7684288025
100, 101, 147, 0.293972373009, 0.313514769077, 48.8137054443
100, 101, 148, 0.294154435396, 0.313531398773, 49.0554389954
100, 101, 149, 0.293993264437, 0.3136112988, 49.046421051
100, 102, 100, 0.294038563967, 0.313386052847, 43.3889312744
100, 102, 101, 0.294028311968, 0.313501656055, 43.4387702942
100, 102, 102, 0.294165611267, 0.313374996185, 43.6540565491
100, 102, 103, 0.294130772352, 0.31355047226, 43.7098960876
100, 102, 104, 0.294018685818, 0.313588917255, 43.9384460449
100, 102, 105, 0.294084846973, 0.313611149788, 43.9253349304
100, 102, 106, 0.294093519449, 0.313398987055, 44.1357765198
100, 102, 107, 0.29396957159, 0.313402026892, 44.1560325623
100, 102, 108, 0.294139802456, 0.313455343246, 44.4361457825
100, 102, 109, 0.294054478407, 0.313491672277, 44.3901748657
100, 102, 110, 0.294023066759, 0.313429355621, 44.6516418457
100, 102, 111, 0.294056296349, 0.313461571932, 44.6914405823
100, 102, 112, 0.293903529644, 0.313357770443, 44.8933486938
100, 102, 113, 0.29406902194, 0.313519954681, 44.8903007507
100, 102, 114, 0.294147491455, 0.313645303249, 45.2352371216
100, 102, 115, 0.29401114583, 0.313284009695, 45.1539497375
100, 102, 116, 0.293967306614, 0.313361942768, 45.4056625366
100, 102, 117, 0.293891966343, 0.313511490822, 45.4110870361
100, 102, 118, 0.293882548809, 0.313412994146, 45.6311759949
100, 102, 119, 0.293908655643, 0.313176959753, 45.6348609924
100, 102, 120, 0.293825656176, 0.31327265501, 45.8989257812
100, 102, 121, 0.29403719306, 0.313421159983, 45.931476593
100, 102, 122, 0.294088602066, 0.313542097807, 46.2324142456
100, 102, 123, 0.293910086155, 0.313315808773, 46.1615371704
100, 102, 124, 0.293828934431, 0.313419282436, 46.388458252
100, 102, 125, 0.294087141752, 0.313361525536, 46.4468727112
100, 102, 126, 0.293951392174, 0.313407093287, 46.7060241699
100, 102, 127, 0.293990105391, 0.313477993011, 46.7091369629
100, 102, 128, 0.293913185596, 0.313380688429, 46.9716911316
100, 102, 129, 0.294029712677, 0.313376784325, 46.9986877441
100, 102, 130, 0.293982863426, 0.313301175833, 47.1410560608
100, 102, 131, 0.294123500586, 0.31332269311, 47.2260360718
100, 102, 132, 0.293960779905, 0.313524335623, 47.4976539612
100, 102, 133, 0.293791651726, 0.313383430243, 47.4338302612
100, 102, 134, 0.293941289186, 0.31331372261, 47.6817779541
100, 102, 135, 0.294004023075, 0.313374191523, 47.7585296631
100, 102, 136, 0.294012725353, 0.313335984945, 47.9747467041
100, 102, 137, 0.293981730938, 0.313428044319, 48.0664367676
100, 102, 138, 0.293906360865, 0.313467353582, 48.2037467957
100, 102, 139, 0.293939173222, 0.31347745657, 48.3426094055
100, 102, 140, 0.293846011162, 0.313364714384, 48.4802513123
100, 102, 141, 0.293937921524, 0.313424319029, 48.5844078064
100, 102, 142, 0.293998360634, 0.313449680805, 48.7891769409
100, 102, 143, 0.294010341167, 0.313285320997, 48.876285553
100, 102, 144, 0.293944746256, 0.313355743885, 49.0510940552
100, 102, 145, 0.293904155493, 0.313409686089, 49.0480690002
100, 102, 146, 0.29389205575, 0.313496649265, 49.3172912598
100, 102, 147, 0.293946713209, 0.313264966011, 49.4437484741
100, 102, 148, 0.29389166832, 0.313409417868, 49.6574554443
100, 102, 149, 0.294073790312, 0.313364446163, 49.8168373108
100, 103, 100, 0.293946862221, 0.313398092985, 44.063117981
100, 103, 101, 0.293907135725, 0.313298851252, 44.0346412659
100, 103, 102, 0.293901652098, 0.313197255135, 44.247379303
100, 103, 103, 0.293766915798, 0.313182592392, 44.2324867249
100, 103, 104, 0.294004797935, 0.313366621733, 44.5690498352
100, 103, 105, 0.293929994106, 0.313270181417, 44.5287322998
100, 103, 106, 0.293926537037, 0.313266247511, 44.7962036133
100, 103, 107, 0.293763130903, 0.31328779459, 44.7811164856
100, 103, 108, 0.293895334005, 0.31321233511, 45.0809516907
100, 103, 109, 0.294021219015, 0.313450396061, 45.099811554
100, 103, 110, 0.29386356473, 0.313393950462, 45.3032264709
100, 103, 111, 0.293806195259, 0.313197225332, 45.2710762024
100, 103, 112, 0.293840974569, 0.313219130039, 45.5062828064
100, 103, 113, 0.294023960829, 0.313462525606, 45.6379547119
100, 103, 114, 0.293861597776, 0.313351720572, 45.8176879883
100, 103, 115, 0.293799728155, 0.313252389431, 45.7801246643
100, 103, 116, 0.293767601252, 0.313219636679, 46.0350608826
100, 103, 117, 0.293744593859, 0.313289701939, 46.0540542603
100, 103, 118, 0.293835312128, 0.313260197639, 46.3188552856
100, 103, 119, 0.293894469738, 0.313106566668, 46.2785682678
100, 103, 120, 0.293879508972, 0.313264161348, 46.5747184753
100, 103, 121, 0.293637245893, 0.313160330057, 46.4927749634
100, 103, 122, 0.293762922287, 0.313308447599, 46.7656478882
100, 103, 123, 0.293905496597, 0.31323453784, 46.7942314148
100, 103, 124, 0.293882280588, 0.313233196735, 47.0666618347
100, 103, 125, 0.293871968985, 0.313279300928, 47.0780639648
100, 103, 126, 0.293891936541, 0.313246667385, 47.3482551575
100, 103, 127, 0.293911069632, 0.313451647758, 47.3923683167
100, 103, 128, 0.293775439262, 0.313145935535, 47.4936485291
100, 103, 129, 0.293793737888, 0.313199430704, 47.5267410278
100, 103, 130, 0.293745011091, 0.313158750534, 47.6981887817
100, 103, 131, 0.293953120708, 0.313305646181, 47.8110160828
100, 103, 132, 0.293731451035, 0.313252747059, 47.9447059631
100, 103, 133, 0.293903708458, 0.313205718994, 48.0970916748
100, 103, 134, 0.293954819441, 0.313393592834, 48.3260154724
100, 103, 135, 0.293780505657, 0.313306570053, 48.3376350403
100, 103, 136, 0.293830305338, 0.313244700432, 48.5135307312
100, 103, 137, 0.293870449066, 0.313130110502, 48.6304855347
100, 103, 138, 0.293745368719, 0.313245236874, 48.794002533
100, 103, 139, 0.293837755919, 0.313185960054, 48.9096984863
100, 103, 140, 0.293857574463, 0.313264727592, 49.0848846436
100, 103, 141, 0.293824285269, 0.313224971294, 49.1252098083
100, 103, 142, 0.293828338385, 0.313252270222, 49.3155860901
100, 103, 143, 0.293781816959, 0.313195616007, 49.4232597351
100, 103, 144, 0.293847322464, 0.313187330961, 49.6198387146
100, 103, 145, 0.293818533421, 0.313140779734, 49.6521034241
100, 103, 146, 0.293802291155, 0.313267290592, 49.8918190002
100, 103, 147, 0.293849259615, 0.313196331263, 49.9392471313
100, 103, 148, 0.293897002935, 0.313098341227, 50.211856842
100, 103, 149, 0.29389411211, 0.313114762306, 50.2314224243
100, 104, 100, 0.293801784515, 0.313147604465, 44.5056152344
100, 104, 101, 0.293799728155, 0.313129872084, 44.5207176208
100, 104, 102, 0.293676704168, 0.312942296267, 44.7938842773
100, 104, 103, 0.293715506792, 0.313080668449, 44.7964706421
100, 104, 104, 0.293674647808, 0.313119500875, 45.0082855225
100, 104, 105, 0.293764829636, 0.313214451075, 45.1229667664
100, 104, 106, 0.293652445078, 0.31312251091, 45.2676620483
100, 104, 107, 0.293676227331, 0.313020974398, 45.3147773743
100, 104, 108, 0.293931305408, 0.313213050365, 45.610244751
100, 104, 109, 0.293801367283, 0.313199847937, 45.5793457031
100, 104, 110, 0.293706268072, 0.313123375177, 45.7954444885
100, 104, 111, 0.293553084135, 0.312950402498, 45.8146209717
100, 104, 112, 0.293700844049, 0.313199073076, 46.04845047
100, 104, 113, 0.293671876192, 0.313154637814, 46.0429611206
100, 104, 114, 0.293912023306, 0.313095331192, 46.3853111267
100, 104, 115, 0.293832600117, 0.313170939684, 46.3397521973
100, 104, 116, 0.293759286404, 0.313103020191, 46.6262626648
100, 104, 117, 0.293801248074, 0.313149631023, 46.6231040955
100, 104, 118, 0.293687522411, 0.313163489103, 46.8746795654
100, 104, 119, 0.293686449528, 0.31304320693, 46.8742027283
100, 104, 120, 0.293579608202, 0.313175529242, 47.0845680237
100, 104, 121, 0.293744504452, 0.313099741936, 47.1722373962
100, 104, 122, 0.293660223484, 0.313141226768, 47.4008560181
100, 104, 123, 0.293663233519, 0.313069701195, 47.389705658
100, 104, 124, 0.293736428022, 0.313025981188, 47.6919708252
100, 104, 125, 0.293645054102, 0.313039988279, 47.5777931213
100, 104, 126, 0.293905496597, 0.313232570887, 47.9457321167
100, 104, 127, 0.293598890305, 0.313027024269, 47.8915863037
100, 104, 128, 0.293731868267, 0.313155204058, 48.2234191895
100, 104, 129, 0.293710619211, 0.313051044941, 48.1949081421
100, 104, 130, 0.293759465218, 0.313186436892, 48.3798713684
100, 104, 131, 0.293892174959, 0.313254028559, 48.4981307983
100, 104, 132, 0.293671578169, 0.313012361526, 48.6078300476
100, 104, 133, 0.293652564287, 0.312982916832, 48.720993042
100, 104, 134, 0.293739289045, 0.313048750162, 48.9637794495
100, 104, 135, 0.293697118759, 0.313155680895, 49.0019187927
100, 104, 136, 0.293761998415, 0.313035875559, 49.2217941284
100, 104, 137, 0.293517708778, 0.312957555056, 49.2392807007
100, 104, 138, 0.293665140867, 0.312915623188, 49.4317703247
100, 104, 139, 0.293760746717, 0.313138514757, 49.5149497986
100, 104, 140, 0.293667197227, 0.313100129366, 49.7141990662
100, 104, 141, 0.293628633022, 0.313073217869, 49.7905387878
100, 104, 142, 0.293507128954, 0.312913477421, 49.9651908875
100, 104, 143, 0.293568730354, 0.313048899174, 50.0495071411
100, 104, 144, 0.293615788221, 0.313143074512, 50.2399139404
100, 104, 145, 0.293456733227, 0.31289100647, 50.2579689026
100, 104, 146, 0.293512225151, 0.313044458628, 50.5061340332
100, 104, 147, 0.293724566698, 0.313107341528, 50.6340103149
100, 104, 148, 0.293667465448, 0.313133239746, 50.8055725098
100, 104, 149, 0.293696880341, 0.313018888235, 50.8847618103
100, 105, 100, 0.293673187494, 0.313195109367, 45.1116333008
100, 105, 101, 0.293841838837, 0.313068211079, 45.1716804504
100, 105, 102, 0.293480396271, 0.312959849834, 45.3279266357
100, 105, 103, 0.293540775776, 0.312761843204, 45.3299179077
100, 105, 104, 0.293639421463, 0.312880247831, 45.5914993286
100, 105, 105, 0.293816179037, 0.312976121902, 45.6331672668
100, 105, 106, 0.293778330088, 0.312951207161, 45.865234375
100, 105, 107, 0.293691754341, 0.312997370958, 45.9032478333
100, 105, 108, 0.293757677078, 0.312997937202, 46.1411247253
100, 105, 109, 0.29351991415, 0.312938898802, 46.0771598816
100, 105, 110, 0.29376989603, 0.313161402941, 46.4347801208
100, 105, 111, 0.293677508831, 0.312947571278, 46.3966064453
100, 105, 112, 0.293489992619, 0.312964767218, 46.564704895
100, 105, 113, 0.293566972017, 0.313138306141, 46.6332054138
100, 105, 114, 0.293642163277, 0.313031226397, 46.9502868652
100, 105, 115, 0.293748497963, 0.31290563941, 46.8938865662
100, 105, 116, 0.293699353933, 0.312945127487, 47.1536064148
100, 105, 117, 0.293391674757, 0.312972605228, 47.1184616089
100, 105, 118, 0.293622136116, 0.312970846891, 47.3822593689
100, 105, 119, 0.293551921844, 0.313060104847, 47.3808097839
100, 105, 120, 0.293661415577, 0.313062906265, 47.7286376953
100, 105, 121, 0.293685644865, 0.312874943018, 47.6876068115
100, 105, 122, 0.293695241213, 0.313050955534, 47.9552001953
100, 105, 123, 0.293698459864, 0.313019245863, 48.0016822815
100, 105, 124, 0.293783813715, 0.312960237265, 48.253452301
100, 105, 125, 0.293700039387, 0.312897443771, 48.2363548279
100, 105, 126, 0.293661266565, 0.312983423471, 48.5332107544
100, 105, 127, 0.293486058712, 0.312881529331, 48.4722061157
100, 105, 128, 0.293585151434, 0.312970042229, 48.74061203
100, 105, 129, 0.293541193008, 0.31285777688, 48.7329940796
100, 105, 130, 0.293554663658, 0.312790870667, 48.920173645
100, 105, 131, 0.293655395508, 0.312948763371, 49.0394630432
100, 105, 132, 0.293668091297, 0.313080370426, 49.2196578979
100, 105, 133, 0.293631315231, 0.312902063131, 49.2999343872
100, 105, 134, 0.293446630239, 0.312892794609, 49.4382705688
100, 105, 135, 0.293673157692, 0.313018530607, 49.5800285339
100, 105, 136, 0.293568104506, 0.312910318375, 49.7825241089
100, 105, 137, 0.293490767479, 0.312869280577, 49.8365821838
100, 105, 138, 0.293560653925, 0.31284096837, 49.9827957153
100, 105, 139, 0.293631285429, 0.313070803881, 50.1148109436
100, 105, 140, 0.29343020916, 0.31286251545, 50.2776145935
100, 105, 141, 0.293528169394, 0.312828361988, 50.3866996765
100, 105, 142, 0.293536931276, 0.312837511301, 50.5423774719
100, 105, 143, 0.293475717306, 0.313012838364, 50.6036262512
100, 105, 144, 0.293668150902, 0.313024938107, 50.8883056641
100, 105, 145, 0.293535917997, 0.312952697277, 50.9277458191
100, 105, 146, 0.29350477457, 0.312806427479, 51.1280441284
100, 105, 147, 0.293587267399, 0.312857568264, 51.2314758301
100, 105, 148, 0.293602973223, 0.312850624323, 51.4029388428
100, 105, 149, 0.293552130461, 0.312841445208, 51.5092048645
100, 106, 100, 0.293632477522, 0.312900662422, 45.6211624146
100, 106, 101, 0.293559342623, 0.312771171331, 45.6011161804
100, 106, 102, 0.293478041887, 0.312924653292, 45.8591117859
100, 106, 103, 0.293654590845, 0.312782496214, 45.9510993958
100, 106, 104, 0.293492972851, 0.312858492136, 46.1638412476
100, 106, 105, 0.293578892946, 0.312793314457, 46.1428833008
100, 106, 106, 0.293462216854, 0.312905699015, 46.354347229
100, 106, 107, 0.293504714966, 0.31283468008, 46.3917503357
100, 106, 108, 0.293477147818, 0.312618970871, 46.6786956787
100, 106, 109, 0.293462216854, 0.312801450491, 46.6196556091
100, 106, 110, 0.293398886919, 0.312743812799, 46.8666877747
100, 106, 111, 0.293538480997, 0.312799274921, 46.9436302185
100, 106, 112, 0.29345780611, 0.312753975391, 47.1653556824
100, 106, 113, 0.293621242046, 0.3127861619, 47.2085533142
100, 106, 114, 0.293720543385, 0.312887758017, 47.5089874268
100, 106, 115, 0.29347383976, 0.312881052494, 47.398525238
100, 106, 116, 0.29351106286, 0.312761694193, 47.7210083008
100, 106, 117, 0.293501287699, 0.31288459897, 47.7416229248
100, 106, 118, 0.293489992619, 0.312863349915, 47.9383888245
100, 106, 119, 0.293512135744, 0.312789916992, 47.9763145447
100, 106, 120, 0.293447941542, 0.312874704599, 48.2498397827
100, 106, 121, 0.293420523405, 0.312716275454, 48.2052993774
100, 106, 122, 0.293583333492, 0.312790483236, 48.4770736694
100, 106, 123, 0.293533265591, 0.312837809324, 48.4034461975
100, 106, 124, 0.293472856283, 0.312752366066, 48.6447868347
100, 106, 125, 0.293447464705, 0.312787383795, 48.6386108398
100, 106, 126, 0.293540149927, 0.312769621611, 48.9993057251
100, 106, 127, 0.293507426977, 0.312858462334, 48.946182251
100, 106, 128, 0.293323755264, 0.312746584415, 49.1499137878
100, 106, 129, 0.293395668268, 0.312780320644, 49.2068824768
100, 106, 130, 0.293434947729, 0.312783509493, 49.4965209961
100, 106, 131, 0.293648540974, 0.312853753567, 49.6475257874
100, 106, 132, 0.293533712626, 0.312949180603, 49.8081245422
100, 106, 133, 0.293386667967, 0.31264564395, 49.8839950562
100, 106, 134, 0.293564528227, 0.312881737947, 50.0977973938
100, 106, 135, 0.293439179659, 0.312852501869, 50.109500885
100, 106, 136, 0.293519794941, 0.312793880701, 50.3356628418
100, 106, 137, 0.293305516243, 0.312684029341, 50.388469696
100, 106, 138, 0.293530672789, 0.31267863512, 50.6390075684
100, 106, 139, 0.29333499074, 0.312754064798, 50.6002426147
100, 106, 140, 0.293414503336, 0.312747687101, 50.8970222473
100, 106, 141, 0.2935782969, 0.312876164913, 50.9682006836
100, 106, 142, 0.293489307165, 0.312719374895, 51.1441268921
100, 106, 143, 0.293425738811, 0.312721639872, 51.2170791626
100, 106, 144, 0.293382436037, 0.312830865383, 51.3738479614
100, 106, 145, 0.293520390987, 0.312868505716, 51.5417175293
100, 106, 146, 0.293502897024, 0.312863826752, 51.749835968
100, 106, 147, 0.293426305056, 0.312751859426, 51.8287811279
100, 106, 148, 0.293508112431, 0.312849700451, 51.9845581055
100, 106, 149, 0.29353800416, 0.312815964222, 52.1174278259
100, 107, 100, 0.293444931507, 0.312707513571, 46.1581993103
100, 107, 101, 0.293309956789, 0.312720924616, 46.1199073792
100, 107, 102, 0.293302953243, 0.312650561333, 46.3962364197
100, 107, 103, 0.29348936677, 0.312708795071, 46.4702033997
100, 107, 104, 0.29328930378, 0.312598526478, 46.6249656677
100, 107, 105, 0.293389499187, 0.312662929296, 46.6605987549
100, 107, 106, 0.29325774312, 0.312717586756, 46.9006996155
100, 107, 107, 0.293349206448, 0.312694609165, 46.9049453735
100, 107, 108, 0.293295621872, 0.312580257654, 47.1950874329
100, 107, 109, 0.293372124434, 0.312794595957, 47.1541290283
100, 107, 110, 0.293285429478, 0.312727659941, 47.4018135071
100, 107, 111, 0.293554991484, 0.312680184841, 47.5104522705
100, 107, 112, 0.293439269066, 0.312729775906, 47.7216377258
100, 107, 113, 0.293449908495, 0.312730640173, 47.7357749939
100, 107, 114, 0.29347333312, 0.312844485044, 48.0173416138
100, 107, 115, 0.293415993452, 0.312754839659, 47.9323272705
100, 107, 116, 0.293535143137, 0.312777727842, 48.2734031677
100, 107, 117, 0.293399244547, 0.312779903412, 48.2826499939
100, 107, 118, 0.293360590935, 0.312785983086, 48.5252761841
100, 107, 119, 0.293410331011, 0.312795937061, 48.5108299255
100, 107, 120, 0.293264955282, 0.312650114298, 48.7115974426
100, 107, 121, 0.293454289436, 0.312650561333, 48.8041763306
100, 107, 122, 0.293377667665, 0.312711328268, 49.0703086853
100, 107, 123, 0.293306410313, 0.312674432993, 49.0102462769
100, 107, 124, 0.293323606253, 0.312699854374, 49.3416442871
100, 107, 125, 0.293503522873, 0.312680244446, 49.3681564331
100, 107, 126, 0.293388307095, 0.312703251839, 49.6345329285
100, 107, 127, 0.293273717165, 0.312708735466, 49.5098762512
100, 107, 128, 0.293433696032, 0.312691688538, 49.8866920471
100, 107, 129, 0.293319970369, 0.312627822161, 49.8628387451
100, 107, 130, 0.29333627224, 0.312812060118, 50.0639457703
100, 107, 131, 0.293436199427, 0.312730461359, 50.1746330261
100, 107, 132, 0.293297559023, 0.312587112188, 50.2933197021
100, 107, 133, 0.293412178755, 0.312613576651, 50.4453773499
100, 107, 134, 0.293351590633, 0.312658667564, 50.5830497742
100, 107, 135, 0.293336957693, 0.312660872936, 50.6714897156
100, 107, 136, 0.293303489685, 0.312583565712, 50.8467788696
100, 107, 137, 0.293372988701, 0.31258675456, 50.9223518372
100, 107, 138, 0.293275177479, 0.312602818012, 51.0989685059
100, 107, 139, 0.293316960335, 0.312706381083, 51.2045707703
100, 107, 140, 0.293301969767, 0.31259316206, 51.4660606384
100, 107, 141, 0.293449580669, 0.312700033188, 51.5872459412
100, 107, 142, 0.293283879757, 0.312673807144, 51.6606636047
100, 107, 143, 0.293497741222, 0.312717229128, 51.8532333374
100, 107, 144, 0.293308138847, 0.312548696995, 52.0117988586
100, 107, 145, 0.293256789446, 0.312553137541, 52.0676651001
100, 107, 146, 0.293311595917, 0.312674850225, 52.287147522
100, 107, 147, 0.293423980474, 0.312650918961, 52.3945236206
100, 107, 148, 0.293194651604, 0.312529563904, 52.5522117615
100, 107, 149, 0.293385595083, 0.312602043152, 52.6734390259
100, 108, 100, 0.293094784021, 0.312416106462, 46.6990356445
100, 108, 101, 0.293354094028, 0.312704235315, 46.6967849731
100, 108, 102, 0.293156415224, 0.312468200922, 46.9032402039
100, 108, 103, 0.293271452188, 0.312613517046, 46.9284286499
100, 108, 104, 0.293242186308, 0.312630623579, 47.2121696472
100, 108, 105, 0.293379545212, 0.312721729279, 47.2009544373
100, 108, 106, 0.293296307325, 0.312612056732, 47.4595375061
100, 108, 107, 0.293418556452, 0.31253489852, 47.5086555481
100, 108, 108, 0.293094784021, 0.312446266413, 47.6962547302
100, 108, 109, 0.29327660799, 0.312556684017, 47.716758728
100, 108, 110, 0.293274313211, 0.312502563, 47.9981994629
100, 108, 111, 0.293426066637, 0.312594890594, 47.9706001282
100, 108, 112, 0.293294399977, 0.312502682209, 48.2729568481
100, 108, 113, 0.293095767498, 0.312541872263, 48.2254524231
100, 108, 114, 0.293438404799, 0.312708079815, 48.5265045166
100, 108, 115, 0.293132096529, 0.312720239162, 48.460144043
100, 108, 116, 0.293428063393, 0.312533050776, 48.8518371582
100, 108, 117, 0.293317586184, 0.312566667795, 48.7744979858
100, 108, 118, 0.293220490217, 0.312671840191, 48.9937744141
100, 108, 119, 0.293247312307, 0.312623679638, 49.0470046997
100, 108, 120, 0.293236613274, 0.31239309907, 49.3117485046
100, 108, 121, 0.29319870472, 0.312460064888, 49.3729820251
100, 108, 122, 0.293337792158, 0.312629431486, 49.6133956909
100, 108, 123, 0.293321281672, 0.312563538551, 49.603351593
100, 108, 124, 0.293296098709, 0.312536865473, 49.8879966736
100, 108, 125, 0.293125659227, 0.312434434891, 49.8503456116
100, 108, 126, 0.293244630098, 0.312473386526, 50.1266670227
100, 108, 127, 0.293314933777, 0.312623262405, 50.1505889893
100, 108, 128, 0.293285876513, 0.312435626984, 50.4196243286
100, 108, 129, 0.293363749981, 0.31250500679, 50.4444313049
100, 108, 130, 0.293218880892, 0.312591403723, 50.5890922546
100, 108, 131, 0.293137162924, 0.312571495771, 50.6583786011
100, 108, 132, 0.293255209923, 0.312479645014, 50.9390144348
100, 108, 133, 0.293172478676, 0.312506824732, 50.9346618652
100, 108, 134, 0.293220728636, 0.312672823668, 51.1218910217
100, 108, 135, 0.293311238289, 0.312535732985, 51.2406349182
100, 108, 136, 0.293267130852, 0.312470138073, 51.4818153381
100, 108, 137, 0.293243467808, 0.312516540289, 51.561580658
100, 108, 138, 0.293299376965, 0.312575399876, 51.7998847961
100, 108, 139, 0.293306201696, 0.312531590462, 51.8514099121
100, 108, 140, 0.293257832527, 0.312590122223, 51.988697052
100, 108, 141, 0.293341010809, 0.312507510185, 52.1448440552
100, 108, 142, 0.293040424585, 0.312303096056, 52.2632064819
100, 108, 143, 0.293286830187, 0.312595784664, 52.3918685913
100, 108, 144, 0.293015807867, 0.312533378601, 52.4881019592
100, 108, 145, 0.293196171522, 0.312496095896, 52.6391067505
100, 108, 146, 0.293112516403, 0.312425345182, 52.769493103
100, 108, 147, 0.293182969093, 0.312527835369, 52.9544372559
100, 108, 148, 0.2931650877, 0.312544643879, 53.1096878052
100, 108, 149, 0.293277144432, 0.31254312396, 53.2843475342
100, 109, 100, 0.293164074421, 0.312384545803, 47.1908340454
100, 109, 101, 0.29318022728, 0.312594473362, 47.2217597961
100, 109, 102, 0.293042868376, 0.312434911728, 47.3596687317
100, 109, 103, 0.293391346931, 0.312506824732, 47.5278778076
100, 109, 104, 0.293141305447, 0.312481760979, 47.7240867615
100, 109, 105, 0.293232142925, 0.312476634979, 47.7258415222
100, 109, 106, 0.293364554644, 0.312553405762, 48.0335273743
100, 109, 107, 0.2930996418, 0.312514007092, 48.0219535828
100, 109, 108, 0.293326467276, 0.312466531992, 48.3147850037
100, 109, 109, 0.293206989765, 0.312486618757, 48.2240867615
100, 109, 110, 0.293131738901, 0.312421768904, 48.5395622253
100, 109, 111, 0.293244928122, 0.312452882528, 48.539932251
100, 109, 112, 0.293100178242, 0.312412470579, 48.7522659302
100, 109, 113, 0.293054074049, 0.312387824059, 48.7433052063
100, 109, 114, 0.293182164431, 0.312479883432, 49.0759849548
100, 109, 115, 0.293113708496, 0.31251758337, 49.0360870361
100, 109, 116, 0.293296843767, 0.312557429075, 49.3951950073
100, 109, 117, 0.29302957654, 0.312351644039, 49.3514289856
100, 109, 118, 0.293214261532, 0.312519133091, 49.6512374878
100, 109, 119, 0.293317645788, 0.312519311905, 49.6717948914
100, 109, 120, 0.293077349663, 0.312492698431, 49.8276329041
100, 109, 121, 0.293145865202, 0.312464803457, 49.9096336365
100, 109, 122, 0.293098211288, 0.312397122383, 50.1517333984
100, 109, 123, 0.293190091848, 0.312473863363, 50.1506462097
100, 109, 124, 0.293323457241, 0.312540382147, 50.4515724182
100, 109, 125, 0.293243139982, 0.312439680099, 50.4398574829
100, 109, 126, 0.29314532876, 0.31247740984, 50.698474884
100, 109, 127, 0.293182700872, 0.312470018864, 50.7020263672
100, 109, 128, 0.293054223061, 0.312349379063, 50.9360046387
100, 109, 129, 0.293153822422, 0.312414318323, 50.9545173645
100, 109, 130, 0.292955547571, 0.312366247177, 51.1392021179
100, 109, 131, 0.293147981167, 0.312326788902, 51.2237281799
100, 109, 132, 0.293127954006, 0.312488377094, 51.508228302
100, 109, 133, 0.293242543936, 0.312371134758, 51.5093994141
100, 109, 134, 0.293082147837, 0.312298774719, 51.7288246155
100, 109, 135, 0.29310888052, 0.312395602465, 51.8209609985
100, 109, 136, 0.293155789375, 0.312305510044, 52.0004234314
100, 109, 137, 0.293124169111, 0.312391161919, 52.1216506958
100, 109, 138, 0.293194502592, 0.312404543161, 52.3557434082
100, 109, 139, 0.293166399002, 0.312453359365, 52.3548812866
100, 109, 140, 0.293133348227, 0.31243506074, 52.5500183105
100, 109, 141, 0.293176025152, 0.312468737364, 52.7095756531
100, 109, 142, 0.293072998524, 0.312366843224, 52.8492164612
100, 109, 143, 0.293105185032, 0.312456846237, 52.9290771484
100, 109, 144, 0.293035119772, 0.312499672174, 53.1330299377
100, 109, 145, 0.29308205843, 0.312318623066, 53.1768455505
100, 109, 146, 0.293227285147, 0.312419295311, 53.5007400513
100, 109, 147, 0.293122023344, 0.312456637621, 53.5406913757
100, 109, 148, 0.293105304241, 0.312444925308, 53.7805480957
100, 109, 149, 0.293099910021, 0.312395602465, 53.8075447083
100, 110, 100, 0.293001264334, 0.312275916338, 47.6843833923
100, 110, 101, 0.293072789907, 0.312360346317, 47.7115592957
100, 110, 102, 0.293094366789, 0.312418460846, 47.9972801208
100, 110, 103, 0.293124854565, 0.312345325947, 48.0064468384
100, 110, 104, 0.293217539787, 0.312400758266, 48.2670478821
100, 110, 105, 0.293139278889, 0.312363237143, 48.2921333313
100, 110, 106, 0.292899847031, 0.312229156494, 48.4998435974
100, 110, 107, 0.293096899986, 0.31239631772, 48.5270004272
100, 110, 108, 0.293304413557, 0.312383770943, 48.8565216064
100, 110, 109, 0.293059498072, 0.31240439415, 48.7911720276
100, 110, 110, 0.293090254068, 0.312195718288, 49.0546875
100, 110, 111, 0.293069720268, 0.312370598316, 49.0720863342
100, 110, 112, 0.293127030134, 0.312374532223, 49.3317680359
100, 110, 113, 0.293109446764, 0.312308996916, 49.3674850464
100, 110, 114, 0.293002605438, 0.312329798937, 49.5958518982
100, 110, 115, 0.293168395758, 0.312378883362, 49.5951499939
100, 110, 116, 0.293111383915, 0.312444359064, 49.895866394
100, 110, 117, 0.29310041666, 0.312405645847, 49.8964996338
100, 110, 118, 0.292968034744, 0.312307268381, 50.1169204712
100, 110, 119, 0.293213218451, 0.312389045954, 50.162311554
100, 110, 120, 0.293022215366, 0.312287867069, 50.36926651
100, 110, 121, 0.29316136241, 0.312391400337, 50.4618911743
100, 110, 122, 0.292984068394, 0.312200158834, 50.6863632202
100, 110, 123, 0.292974412441, 0.312331438065, 50.7107772827
100, 110, 124, 0.293056309223, 0.312399655581, 51.0191116333
100, 110, 125, 0.292959630489, 0.312290340662, 50.8996429443
100, 110, 126, 0.293175131083, 0.312416315079, 51.258644104
100, 110, 127, 0.293146550655, 0.312373131514, 51.2440338135
100, 110, 128, 0.293079108, 0.312258601189, 51.5050315857
100, 110, 129, 0.293070137501, 0.31240183115, 51.5850868225
100, 110, 130, 0.293026924133, 0.312263220549, 51.7083854675
100, 110, 131, 0.293071955442, 0.31220921874, 51.8408889771
100, 110, 132, 0.293111950159, 0.312332332134, 52.0372581482
100, 110, 133, 0.292957574129, 0.312311410904, 52.0196800232
100, 110, 134, 0.293080031872, 0.312285333872, 52.3008270264
100, 110, 135, 0.293129473925, 0.3123280406, 52.3907737732
100, 110, 136, 0.293094694614, 0.312253683805, 52.6131820679
100, 110, 137, 0.293066740036, 0.312456697226, 52.6778182983
100, 110, 138, 0.293209761381, 0.312385737896, 52.9351387024
100, 110, 139, 0.292917430401, 0.312240511179, 52.9352264404
100, 110, 140, 0.293077141047, 0.312289386988, 53.2414321899
100, 110, 141, 0.293055266142, 0.312430500984, 53.228313446
100, 110, 142, 0.292957514524, 0.312302470207, 53.4005050659
100, 110, 143, 0.293104439974, 0.312284916639, 53.5316467285
100, 110, 144, 0.293075352907, 0.312231570482, 53.7909317017
100, 110, 145, 0.292970091105, 0.312297970057, 53.7464561462
100, 110, 146, 0.293051511049, 0.312226086855, 53.9665794373
100, 110, 147, 0.293053746223, 0.312310993671, 54.1305618286
100, 110, 148, 0.29317677021, 0.312263220549, 54.3700828552
100, 110, 149, 0.293122798204, 0.312356650829, 54.4139175415
100, 111, 100, 0.293004214764, 0.312203913927, 48.2324142456
100, 111, 101, 0.293036192656, 0.312252551317, 48.2804222107
100, 111, 102, 0.293097287416, 0.312143653631, 48.5626220703
100, 111, 103, 0.293106049299, 0.312203705311, 48.5311050415
100, 111, 104, 0.293057590723, 0.312254339457, 48.8157157898
100, 111, 105, 0.293179035187, 0.312463253736, 48.8444709778
100, 111, 106, 0.293087869883, 0.312175750732, 49.0674591064
100, 111, 107, 0.293075799942, 0.312300413847, 49.070930481
100, 111, 108, 0.293197542429, 0.312273085117, 49.438999176
100, 111, 109, 0.293098419905, 0.312240719795, 49.3985671997
100, 111, 110, 0.293087542057, 0.31234267354, 49.6357269287
100, 111, 111, 0.292907953262, 0.312147200108, 49.5767784119
100, 111, 112, 0.292981445789, 0.312350273132, 49.9174690247
100, 111, 113, 0.293083459139, 0.312288850546, 49.8968696594
100, 111, 114, 0.293122261763, 0.312276154757, 50.1871566772
100, 111, 115, 0.292950093746, 0.312221348286, 50.1135826111
100, 111, 116, 0.292910069227, 0.312260121107, 50.3582038879
100, 111, 117, 0.292999744415, 0.312238484621, 50.4501800537
100, 111, 118, 0.293027222157, 0.312247097492, 50.6854438782
100, 111, 119, 0.292945981026, 0.312251031399, 50.7189102173
100, 111, 120, 0.292981386185, 0.312197953463, 50.911781311
100, 111, 121, 0.292875826359, 0.312311768532, 50.975189209
100, 111, 122, 0.293063521385, 0.312132328749, 51.2639122009
100, 111, 123, 0.29308205843, 0.312227010727, 51.2623138428
100, 111, 124, 0.293043315411, 0.312220603228, 51.5522537231
100, 111, 125, 0.29303497076, 0.312299698591, 51.5615081787
100, 111, 126, 0.293060779572, 0.312250703573, 51.820148468
100, 111, 127, 0.292920857668, 0.312253981829, 51.7977180481
100, 111, 128, 0.292922019958, 0.312254965305, 52.0686569214
100, 111, 129, 0.293160945177, 0.312425911427, 52.1774711609
100, 111, 130, 0.292891383171, 0.312214434147, 52.3026618958
100, 111, 131, 0.293092668056, 0.312130838633, 52.4177932739
100, 111, 132, 0.292858630419, 0.312168598175, 52.5783500671
100, 111, 133, 0.293029427528, 0.31225168705, 52.716632843
100, 111, 134, 0.293023645878, 0.312281578779, 52.8912849426
100, 111, 135, 0.293039292097, 0.312262028456, 52.997467041
100, 111, 136, 0.292913883924, 0.312214761972, 53.1615791321
100, 111, 137, 0.292909771204, 0.312203794718, 53.2225112915
100, 111, 138, 0.292848706245, 0.312289357185, 53.3925247192
100, 111, 139, 0.293005764484, 0.31229493022, 53.5275421143
100, 111, 140, 0.293138116598, 0.312301814556, 53.8077049255
100, 111, 141, 0.293006420135, 0.312143057585, 53.8531570435
100, 111, 142, 0.2928827703, 0.31221845746, 53.9637069702
100, 111, 143, 0.292984396219, 0.312239944935, 54.0696220398
100, 111, 144, 0.293051987886, 0.31225374341, 54.3317298889
100, 111, 145, 0.292926460505, 0.31224027276, 54.3628120422
100, 111, 146, 0.293047338724, 0.312230825424, 54.6239547729
100, 111, 147, 0.292978972197, 0.312234759331, 54.6131973267
100, 111, 148, 0.293097704649, 0.31225758791, 54.9658699036
100, 111, 149, 0.292945444584, 0.312236785889, 54.9867973328
100, 112, 100, 0.292963325977, 0.312098711729, 48.8097496033
100, 112, 101, 0.292988598347, 0.312278777361, 48.8424568176
100, 112, 102, 0.292994856834, 0.312252730131, 49.0180358887
100, 112, 103, 0.292869865894, 0.312138199806, 49.05834198
100, 112, 104, 0.292935580015, 0.312071681023, 49.3640823364
100, 112, 105, 0.292907804251, 0.312163680792, 49.3731651306
100, 112, 106, 0.292969673872, 0.312190502882, 49.6256065369
100, 112, 107, 0.292918890715, 0.312135636806, 49.6249923706
100, 112, 108, 0.292931586504, 0.31223487854, 49.8734779358
100, 112, 109, 0.29286929965, 0.312170475721, 49.8520126343
100, 112, 110, 0.293032705784, 0.312240928411, 50.2059364319
100, 112, 111, 0.292853564024, 0.312307476997, 50.123374939
100, 112, 112, 0.293134629726, 0.312187701464, 50.5232162476
100, 112, 113, 0.29298171401, 0.312072366476, 50.4797668457
100, 112, 114, 0.292962223291, 0.312215358019, 50.7236671448
100, 112, 115, 0.293006032705, 0.312209844589, 50.7519798279
100, 112, 116, 0.29286506772, 0.312151163816, 50.9278793335
100, 112, 117, 0.29300391674, 0.312151134014, 51.0300369263
100, 112, 118, 0.292884260416, 0.312273681164, 51.2420005798
100, 112, 119, 0.293133199215, 0.312281578779, 51.2741851807
100, 112, 120, 0.292930006981, 0.312149822712, 51.5444030762
100, 112, 121, 0.292973309755, 0.312188595533, 51.5651779175
100, 112, 122, 0.29284286499, 0.31213542819, 51.8211097717
100, 112, 123, 0.292980134487, 0.312155753374, 51.8270530701
100, 112, 124, 0.292975604534, 0.312217175961, 52.1149978638
100, 112, 125, 0.292840272188, 0.312246412039, 52.0900001526
100, 112, 126, 0.293007791042, 0.312140613794, 52.4455490112
100, 112, 127, 0.292862862349, 0.312147736549, 52.3846740723
100, 112, 128, 0.292949438095, 0.312185913324, 52.7189598083
100, 112, 129, 0.293049842119, 0.312223315239, 52.7145690918
100, 112, 130, 0.292820930481, 0.312133610249, 52.8682479858
100, 112, 131, 0.29288366437, 0.312161445618, 52.9971923828
100, 112, 132, 0.292987048626, 0.312198251486, 53.2154884338
100, 112, 133, 0.292829692364, 0.312238812447, 53.2804069519
100, 112, 134, 0.29285427928, 0.311999619007, 53.4503936768
100, 112, 135, 0.292784899473, 0.312059551477, 53.5118522644
100, 112, 136, 0.292756915092, 0.312217146158, 53.7199401855
100, 112, 137, 0.2930110991, 0.312204986811, 53.8604850769
100, 112, 138, 0.292930305004, 0.312223374844, 54.0053405762
100, 112, 139, 0.292898476124, 0.312178432941, 54.0870857239
100, 112, 140, 0.292824059725, 0.312044799328, 54.3064994812
100, 112, 141, 0.292827069759, 0.312142074108, 54.3581962585
100, 112, 142, 0.292959630489, 0.312162488699, 54.6332397461
100, 112, 143, 0.29283580184, 0.3122382164, 54.634311676
100, 112, 144, 0.292900562286, 0.312253177166, 54.9221305847
100, 112, 145, 0.292897880077, 0.31209436059, 55.0014533997
100, 112, 146, 0.292982429266, 0.312199294567, 55.2442588806
100, 112, 147, 0.2929225564, 0.312251925468, 55.3297462463
100, 112, 148, 0.292850136757, 0.312070012093, 55.5130653381
100, 112, 149, 0.292890548706, 0.31209602952, 55.58436203
100, 113, 100, 0.29289329052, 0.312073856592, 49.3395996094
100, 113, 101, 0.292814284563, 0.31208896637, 49.3374519348
100, 113, 102, 0.292868107557, 0.312064021826, 49.6202087402
100, 113, 103, 0.292887985706, 0.312037318945, 49.5895881653
100, 113, 104, 0.292819112539, 0.312084794044, 49.8434104919
100, 113, 105, 0.293092608452, 0.312224268913, 49.9633331299
100, 113, 106, 0.292746841908, 0.3121073246, 50.159614563
100, 113, 107, 0.292795389891, 0.312063157558, 50.1280975342
100, 113, 108, 0.292878955603, 0.312056958675, 50.4376945496
100, 113, 109, 0.29285633564, 0.312133997679, 50.4316673279
100, 113, 110, 0.292964279652, 0.312154859304, 50.7387466431
100, 113, 111, 0.292909890413, 0.312031745911, 50.7288589478
100, 113, 112, 0.292894005775, 0.312016844749, 51.0110168457
100, 113, 113, 0.292856603861, 0.312204360962, 50.9391975403
100, 113, 114, 0.292902678251, 0.312149435282, 51.2417678833
100, 113, 115, 0.292912602425, 0.31217238307, 51.2819023132
100, 113, 116, 0.292862832546, 0.312023282051, 51.525352478
100, 113, 117, 0.293000489473, 0.312175899744, 51.6255683899
100, 113, 118, 0.292795389891, 0.312116622925, 51.8393630981
100, 113, 119, 0.292909264565, 0.312125563622, 51.8140907288
100, 113, 120, 0.292908996344, 0.312100082636, 52.0855865479
100, 113, 121, 0.292744457722, 0.312023282051, 52.026058197
100, 113, 122, 0.292836904526, 0.312066137791, 52.4370498657
100, 113, 123, 0.292864233255, 0.312141120434, 52.3725814819
100, 113, 124, 0.292930930853, 0.312175422907, 52.6826477051
100, 113, 125, 0.292813807726, 0.312061727047, 52.6575889587
100, 113, 126, 0.292917430401, 0.312101989985, 53.0072174072
100, 113, 127, 0.292753815651, 0.312066257, 52.9038734436
100, 113, 128, 0.293079674244, 0.312168568373, 53.3012046814
100, 113, 129, 0.292901933193, 0.312084048986, 53.2488288879
100, 113, 130, 0.292896479368, 0.31203430891, 53.4885635376
100, 113, 131, 0.292873054743, 0.312060981989, 53.518913269
100, 113, 132, 0.292926877737, 0.311986118555, 53.78282547
100, 113, 133, 0.292828410864, 0.312037914991, 53.7846183777
100, 113, 134, 0.292804539204, 0.311914771795, 53.9817771912
100, 113, 135, 0.292810857296, 0.312101364136, 54.1094932556
100, 113, 136, 0.292854845524, 0.312065213919, 54.3438873291
100, 113, 137, 0.292821139097, 0.312018632889, 54.3854827881
100, 113, 138, 0.293010592461, 0.312143206596, 54.6299285889
100, 113, 139, 0.29276061058, 0.312097221613, 54.6761016846
100, 113, 140, 0.292959034443, 0.312183558941, 54.9813766479
100, 113, 141, 0.292868375778, 0.311957359314, 55.0160827637
100, 113, 142, 0.292866021395, 0.312090009451, 55.2662467957
100, 113, 143, 0.292826384306, 0.312075942755, 55.2944259644
100, 113, 144, 0.292732745409, 0.311988443136, 55.4150276184
100, 113, 145, 0.29286518693, 0.311972111464, 55.629283905
100, 113, 146, 0.292860835791, 0.312085926533, 55.7987632751
100, 113, 147, 0.292754501104, 0.31215852499, 55.8006515503
100, 113, 148, 0.292751789093, 0.312100470066, 56.1196899414
100, 113, 149, 0.292805790901, 0.311968177557, 56.1690597534
100, 114, 100, 0.292798101902, 0.311855018139, 49.8551521301
100, 114, 101, 0.292775392532, 0.311932682991, 49.8689727783
100, 114, 102, 0.292823523283, 0.312110543251, 50.2092208862
100, 114, 103, 0.29277959466, 0.312136501074, 50.1503257751
100, 114, 104, 0.292932569981, 0.312032788992, 50.5170021057
100, 114, 105, 0.292672038078, 0.311903178692, 50.4320411682
100, 114, 106, 0.29279011488, 0.312032699585, 50.6791572571
100, 114, 107, 0.292851746082, 0.312044680119, 50.7313613892
100, 114, 108, 0.292883783579, 0.31205919385, 50.9736480713
100, 114, 109, 0.292771995068, 0.312018871307, 50.9808540344
100, 114, 110, 0.292857706547, 0.31206998229, 51.2546806335
100, 114, 111, 0.292848944664, 0.312022119761, 51.2552032471
100, 114, 112, 0.292721092701, 0.311928659678, 51.4921150208
100, 114, 113, 0.2927275002, 0.312028199434, 51.5404052734
100, 114, 114, 0.29286172986, 0.312053591013, 51.8265571594
100, 114, 115, 0.292930692434, 0.312145859003, 51.8602638245
100, 114, 116, 0.292857378721, 0.312114685774, 52.0878868103
100, 114, 117, 0.292930006981, 0.312022686005, 52.0832366943
100, 114, 118, 0.292699158192, 0.311960428953, 52.340221405
100, 114, 119, 0.292911231518, 0.312043130398, 52.4473838806
100, 114, 120, 0.292792201042, 0.312061220407, 52.6525268555
100, 114, 121, 0.292898505926, 0.312011629343, 52.7242774963
100, 114, 122, 0.292843818665, 0.311975061893, 52.9603042603
100, 114, 123, 0.292833954096, 0.311941713095, 52.9475479126
100, 114, 124, 0.292831242085, 0.312029093504, 53.2406616211
100, 114, 125, 0.292796224356, 0.312089115381, 53.210269928
100, 114, 126, 0.292812556028, 0.311977505684, 53.5303077698
100, 114, 127, 0.292862296104, 0.312112510204, 53.5410423279
100, 114, 128, 0.29284492135, 0.312028825283, 53.8601493835
100, 114, 129, 0.29274970293, 0.311944365501, 53.7509689331
100, 114, 130, 0.292771667242, 0.312046021223, 54.06483078
100, 114, 131, 0.292869120836, 0.312110900879, 54.1059837341
100, 114, 132, 0.292806446552, 0.312093377113, 54.2975769043
100, 114, 133, 0.292697578669, 0.312014073133, 54.3065567017
100, 114, 134, 0.292812973261, 0.311969012022, 54.6108436584
100, 114, 135, 0.292690396309, 0.312136590481, 54.6529350281
100, 114, 136, 0.29291754961, 0.312077045441, 54.9510154724
100, 114, 137, 0.292812973261, 0.312039166689, 55.0530853271
100, 114, 138, 0.292817771435, 0.311979591846, 55.239528656
100, 114, 139, 0.292723417282, 0.31196513772, 55.2351837158
100, 114, 140, 0.292820096016, 0.312073796988, 55.5066413879
100, 114, 141, 0.292865276337, 0.312135398388, 55.5524902344
100, 114, 142, 0.292832165956, 0.312013119459, 55.8062858582
100, 114, 143, 0.292550116777, 0.311832368374, 55.7859420776
100, 114, 144, 0.292776763439, 0.312041163445, 56.0775680542
100, 114, 145, 0.29286968708, 0.312045663595, 56.2081604004
100, 114, 146, 0.292788654566, 0.312179863453, 56.355140686
100, 114, 147, 0.292822986841, 0.3119353652, 56.5205688477
100, 114, 148, 0.292663395405, 0.311974525452, 56.6361312866
100, 114, 149, 0.292886465788, 0.312036782503, 56.8457336426
100, 115, 100, 0.292931348085, 0.312127947807, 50.4468307495
100, 115, 101, 0.292846500874, 0.31199541688, 50.4552650452
100, 115, 102, 0.292656213045, 0.311827123165, 50.6841239929
100, 115, 103, 0.253681391478, 0.24408634007, 0.747762322426
100, 115, 104, 0.258770644665, 0.261730849743, 0.811108112335
100, 115, 105, 0.260744601488, 0.2575763762, 0.825466454029
100, 115, 106, 0.27291560173, 0.246003910899, 0.103118412197
100, 115, 107, 0.282537013292, 0.29348474741, 0.0563517324626
100, 115, 108, 0.156333357096, 0.284900575876, 0.0254854094237
100, 115, 109, 0.714608669281, 0.096579156816, 0.00265708030201
100, 115, 110, 0.469460576773, 0.341147065163, 0.0322799496353
100, 115, 111, 0.203646674752, -0.107333920896, 0.00277040386572
100, 115, 112, -0.381187945604, -0.458097308874, -0.00659839808941
100, 115, 113, 0.353854268789, 0.283241599798, 0.0391825251281
100, 115, 114, 0.321609914303, 0.311354279518, 0.0636572539806
100, 115, 115, 0.387362480164, 0.246428057551, 0.0147171886638
100, 115, 116, 0.36302486062, 0.301059871912, 0.0965794473886
100, 115, 117, 0.350776553154, 0.284318625927, 0.0405193828046
100, 115, 118, 0.386173427105, 0.349775224924, 0.0537578463554
100, 115, 119, 0.298062562943, 0.322852104902, 0.042092975229
100, 115, 120, 0.363959282637, 0.358825862408, 0.038325317204
100, 115, 121, 0.0563966557384, 0.415781795979, -0.0091348355636
100, 115, 122, 0.441787153482, 0.530593216419, -0.0603814721107
100, 115, 123, 0.386343568563, 0.366050481796, 0.0884453654289
100, 115, 124, 0.35466876626, 0.365699201822, 0.0261618923396
100, 115, 125, -0.00584447430447, 0.17487347126, 0.0050076986663
100, 115, 126, 0.358023554087, 0.296488881111, 0.0494599640369
100, 115, 127, 0.278342783451, 0.147405922413, 0.0155668649822
100, 115, 128, 0.411545783281, 0.651062071323, 0.0402151830494
100, 115, 129, 0.502418100834, 0.490823984146, -0.0407291315496
100, 115, 130, 0.266809016466, 0.401959478855, 0.0452501364052
100, 115, 131, 0.766532182693, 0.178123682737, -0.00443909084424
100, 115, 132, 0.327919512987, 0.269784390926, -0.052283667028
100, 115, 133, 0.379089593887, 0.295279532671, 0.112028092146
100, 115, 134, 0.356758505106, 0.225357085466, 0.0363033153117
100, 115, 135, 0.43644323945, 0.313592553139, 0.0546925105155
100, 115, 136, 1.51926541328, 0.418344736099, -0.00420465739444
100, 115, 137, 0.259451717138, 0.172212764621, 0.0162663105875
100, 115, 138, 0.332156836987, 0.387419581413, 0.0549065470695
100, 115, 139, 0.354993730783, 0.322788834572, 0.0633129402995
100, 115, 140, 0.145789757371, 0.603782534599, 0.0116972075775
100, 115, 141, 0.350935697556, 0.258693605661, 0.0521536245942
100, 115, 142, -0.471494793892, -1.06497991085, -0.013193259947
100, 115, 143, 0.289234995842, 0.183843076229, 0.033286485821
100, 115, 144, -0.0867002531886, 0.483135342598, 0.0165202394128
100, 115, 145, 0.496079742908, 0.429077029228, -0.0382935404778
100, 115, 146, 0.330342710018, 0.44024181366, 0.0231164302677
100, 115, 147, 0.360228598118, 0.305593907833, 0.0562310479581
100, 115, 148, 0.37208533287, 0.422373056412, -0.0466931089759
100, 115, 149, 0.174646258354, 2.42878198624, -0.0145204719156
100, 116, 100, 0.495840072632, -0.0204396713525, -0.00114696519449
100, 116, 101, 0.370344907045, 0.307676583529, 0.0529423132539
100, 116, 102, 0.253609836102, 0.178697660565, 0.0253782309592
100, 116, 103, 2.17439603806, 0.458677738905, -0.00301409349777
100, 116, 104, 0.28481388092, 0.223797783256, 0.0168399643153
100, 116, 105, 0.662071764469, 0.825230062008, -0.0181752555072
100, 116, 106, 0.341234922409, 1.16589891911, -0.025693224743
100, 116, 107, 0.317459732294, 0.310382992029, 0.067012026906
100, 116, 108, 0.620348989964, 0.540593028069, -0.0275758486241
100, 116, 109, 2.34137272835, 0.621550440788, 0.0040911952965
100, 116, 110, 0.446366935968, 0.922681927681, 0.010323939845
100, 116, 111, 0.403414577246, 0.412815153599, 0.0412488207221
100, 116, 112, 0.0313525907695, 0.307746589184, 0.0172555223107
100, 116, 113, 0.369382619858, 0.307086080313, 0.0864639803767
100, 116, 114, 0.417543023825, 0.304681897163, -0.0270753577352
100, 116, 115, 0.415389418602, 0.231618329883, 0.0310049168766
100, 116, 116, 0.42439520359, 0.368412315845, -0.0428798943758
100, 116, 117, 0.305393785238, 0.252563774586, 0.0485907383263
100, 116, 118, 0.302171647549, 0.318329721689, 0.0396950021386
100, 116, 119, 0.347555309534, 0.297375530005, 0.0742976367474
100, 116, 120, 0.388439416885, 0.327306717634, -0.0719532594085
100, 116, 121, 0.350999385118, 0.380035966635, 0.0224066544324
100, 116, 122, -0.228514447808, -0.31257969141, -0.00701576657593
100, 116, 123, 0.431603461504, 0.19250510633, 0.0171154495329
100, 116, 124, 0.512737810612, 0.321406364441, 0.0225227884948
100, 116, 125, 0.416469871998, 0.461562365294, -0.0361810475588
100, 116, 126, 0.331586301327, 0.243333920836, -0.0525736361742
100, 116, 127, 0.259869992733, 0.230404257774, 0.0358071178198
100, 116, 128, 0.630357682705, 0.274609655142, -0.0252771731466
100, 116, 129, 0.653108596802, 0.435239136219, 0.016762547195
100, 116, 130, 0.300059318542, 0.221145734191, 0.0254665035754
100, 116, 131, 0.324257820845, 0.287416636944, 0.0435999073088
100, 116, 132, 0.367360770702, 0.350692451, 0.0414421968162
100, 116, 133, 0.387314498425, 0.6428617239, -0.0426233373582
100, 116, 134, 0.337372899055, 0.520448505878, -0.0381215773523
100, 116, 135, -0.207244813442, -0.159842476249, -0.00599387707189
100, 116, 136, 0.449148565531, 0.401666283607, 0.0185912586749
100, 116, 137, 0.261642187834, 0.174131661654, 0.0124502778053
100, 116, 138, 0.419461995363, 0.329353928566, 0.0584776289761
100, 116, 139, 0.363560080528, 0.300367385149, 0.0714492499828
100, 116, 140, 0.0861893445253, 0.47243770957, 0.0238023344427
100, 116, 141, 0.217687815428, 0.180205285549, 0.00952331721783
100, 116, 142, 0.474797785282, 0.336123555899, -0.0251955930144
100, 116, 143, 0.467036694288, 0.233567655087, -0.0232996270061
100, 116, 144, 0.26985809207, 0.227631896734, 0.0297928899527
100, 116, 145, 0.210527122021, 0.215630427003, 0.0380709469318
100, 116, 146, 0.358890384436, 0.248171538115, -0.0396253690124
100, 116, 147, 0.321134060621, 0.270288199186, 0.0675133764744
100, 116, 148, 0.22564804554, 1.04494011402, -0.0132825057954
100, 116, 149, 0.491793692112, 0.0469974018633, 0.00240704626776
100, 117, 100, 0.384995698929, 0.170120999217, 0.00699869263917
100, 117, 101, 0.423493683338, 0.379123598337, 0.0766072124243
100, 117, 102, 0.34012055397, 0.416962146759, 0.0349483750761
100, 117, 103, 0.449641764164, 0.207497596741, 0.0125599261373
100, 117, 104, 0.475222885609, 0.353887289762, -0.0307482890785
100, 117, 105, 0.377487778664, 0.285615891218, 0.0421642698348
100, 117, 106, 0.413541525602, 0.448406487703, -0.0260588992387
100, 117, 107, 0.94583272934, -0.759801805019, 0.00372786726803
100, 117, 108, 0.636329770088, 0.296614080667, -0.0242017917335
100, 117, 109, 0.391837000847, 0.359890967607, 0.0782977044582
100, 117, 110, 0.119613617659, 0.190242871642, 0.0130554847419
100, 117, 111, 0.242270410061, 0.275926828384, 0.0201515294611
100, 117, 112, 0.541848957539, 0.045724209398, 0.00187761022244
100, 117, 113, 0.573397815228, 0.313020348549, -0.0121709285304
100, 117, 114, 0.280860960484, 0.216309547424, 0.0423047058284
100, 117, 115, 0.316359072924, 0.310429155827, 0.0662788972259
100, 117, 116, 0.468824565411, 0.400884479284, 0.0244764946401
100, 117, 117, 0.32718038559, 0.284119307995, 0.0611266642809
100, 117, 118, 0.275207042694, 0.34660550952, -0.0294408667833
100, 117, 119, 0.276008158922, 0.273578315973, 0.0207024086267
100, 117, 120, 0.319866418839, 0.346938818693, 0.0564598180354
100, 117, 121, 0.447813332081, 0.384855598211, 0.0549544543028
100, 117, 122, 0.255059480667, 0.294898569584, 0.055997274816
100, 117, 123, 0.280571430922, 0.00100249308161, 6.08383379586e-05
100, 117, 124, 0.261331558228, 0.271027684212, 0.0401619486511
100, 117, 125, 0.387406557798, 0.380527973175, 0.046741977334
100, 117, 126, 0.327521771193, 0.276184678078, 0.0574959665537
100, 117, 127, 0.33711785078, 0.339273422956, -0.0455358214676
100, 117, 128, 0.632110357285, 0.560665845871, -0.0257412828505
100, 117, 129, 0.355614572763, 0.243904262781, -0.013120463118
100, 117, 130, 0.383801370859, 0.390361726284, 0.131121888757
100, 117, 131, 0.294287204742, 0.196558445692, 0.0122137377039
100, 117, 132, 0.18272177875, 0.495252221823, 0.0324592106044
100, 117, 133, 0.290209174156, 0.247776776552, 0.0323205627501
100, 117, 134, 0.247114509344, 0.17824549973, 0.0203579552472
100, 117, 135, 0.365225255489, 0.24020627141, 0.0482709370553
100, 117, 136, 0.368539482355, 0.269301593304, 0.101192973554
100, 117, 137, 0.386795371771, 0.274836182594, -0.0304114371538
100, 117, 138, 0.445981293917, 0.35950550437, -0.0604045875371
100, 117, 139, 0.409759789705, 0.308294564486, -0.0190119445324
100, 117, 140, 0.367413848639, 0.358825474977, 0.0143412416801
100, 117, 141, 0.369257688522, 0.346355199814, 0.0233107116073
100, 117, 142, 0.366422683001, 0.343020200729, 0.0915973111987
100, 117, 143, 0.40967965126, 0.330901503563, -0.0480175204575
100, 117, 144, 0.50051677227, 0.539290547371, -0.0488234274089
100, 117, 145, 0.167875215411, 0.184112474322, 0.0185170192271
100, 117, 146, 0.166209444404, 0.0820426791906, -0.00534613663331
100, 117, 147, 0.240605562925, 0.325932621956, -0.0359663441777
100, 117, 148, 0.412761062384, 0.328791737556, -0.0324127972126
100, 117, 149, 0.408086657524, 0.360540986061, 0.0426915846765
100, 118, 100, 0.35331261158, 0.274256139994, -0.0211015380919
100, 118, 101, 0.06999976933, 0.350454390049, 0.0182862449437
100, 118, 102, 0.470445424318, 0.271323531866, 0.0269623994827
100, 118, 103, 0.213463589549, 0.465079456568, 0.0272713582963
100, 118, 104, 1.71093404293, 0.58507502079, -0.0115608014166
100, 118, 105, 0.244063287973, 0.330036818981, -0.0131981614977
100, 118, 106, 2.07612800598, -2.2661190033, -0.0105738360435
100, 118, 107, 0.55211597681, 0.439550310373, 0.0406067036092
100, 118, 108, 0.275928974152, 0.325114309788, 0.0366480872035
100, 118, 109, 0.64288598299, 0.239298462868, -0.00881161447614
100, 118, 110, 0.191978991032, -0.110941775143, -0.00562641816214
100, 118, 111, -0.457603514194, 2.46796250343, -0.019085617736
100, 118, 112, 0.382121235132, 0.22275981307, 0.0259848311543
100, 118, 113, 0.22556579113, 0.355792224407, 0.0119613762945
100, 118, 114, 0.419479519129, 0.270752221346, 0.0212764889002
100, 118, 115, 0.384106606245, 0.288106590509, -0.0322811566293
100, 118, 116, 0.389432311058, 0.101736649871, 0.00701228575781
100, 118, 117, 0.43703147769, 0.248820915818, 0.020595530048
100, 118, 118, 0.591835319996, 0.419538885355, -0.0265835300088
100, 118, 119, 2.42461967468, 0.22450016439, -0.000912062008865
100, 118, 120, 0.34095993638, 0.272806465626, -0.0346286557615
100, 118, 121, 0.412728965282, 0.369854748249, -0.0138879949227
100, 118, 122, 0.126098424196, 0.0382433906198, 0.00262847589329
100, 118, 123, 0.615248799324, 0.653568506241, 0.0545888096094
100, 118, 124, -0.356387615204, 0.247097805142, 0.00372428889386
100, 118, 125, 0.418412983418, 0.500674545765, -0.0269324965775
100, 118, 126, 0.338039577007, 0.348991215229, 0.04269451648
100, 118, 127, 1.32716810703, 0.110740654171, -0.00212312792428
100, 118, 128, 0.45013153553, 0.490954339504, -0.013929054141
100, 118, 129, 0.594251036644, 0.547537982464, -0.0315356329083
100, 118, 130, 0.337087661028, 0.354579329491, 0.070815615356
100, 118, 131, 0.341125428677, 0.428874731064, 0.0141079602763
100, 118, 132, 0.405818611383, 0.336083322763, 0.0334081947803
100, 118, 133, 0.410762578249, 0.237732186913, 0.0281166397035
100, 118, 134, 0.141589969397, 0.322282761335, 0.0264235828072
100, 118, 135, 0.585187137127, 0.355082243681, 0.0149070043117
100, 118, 136, -0.0588092617691, 0.136728674173, 0.00745938532054
100, 118, 137, 0.448420286179, 0.272540032864, -0.0210339985788
100, 118, 138, 0.357423216105, 0.247133657336, 0.0602858439088
100, 118, 139, 0.381850063801, 0.369005769491, -0.045760396868
100, 118, 140, 0.307274281979, -2.36997175217, 0.0101711172611
100, 118, 141, 0.296851873398, 0.235978677869, -0.0158903729171
100, 118, 142, 0.11237795651, -0.194896176457, -0.0106247905642
100, 118, 143, 0.327532589436, 0.297823131084, 0.0937211364508
100, 118, 144, 0.440943330526, 0.338030278683, -0.0477611944079
100, 118, 145, 0.661681115627, 0.317778736353, -0.00694195413962
100, 118, 146, 0.223061576486, 0.223807662725, 0.0271902624518
100, 118, 147, 0.268946439028, 0.230825588107, 0.05090861395
100, 118, 148, 0.362253427505, -0.00520396884531, -8.88765862328e-05
100, 118, 149, 0.699413537979, 0.349101096392, -0.0250440593809
100, 119, 100, 0.119623407722, 0.203181087971, 0.00791153032333
100, 119, 101, 0.285494416952, 0.308382242918, 0.06822565943
100, 119, 102, 0.31042021513, 0.325159966946, -0.0597637332976
100, 119, 103, 0.302630066872, 0.293125063181, 0.0201655961573
100, 119, 104, 0.341708004475, 0.485763311386, 0.0264119543135
100, 119, 105, 0.375591546297, 0.380620896816, 0.0130648491904
100, 119, 106, 0.312092155218, 0.305302262306, 0.0425153188407
100, 119, 107, 0.187375843525, 0.181199550629, -0.024794626981
100, 119, 108, 0.184482544661, 0.112299501896, 0.0110916504636
100, 119, 109, 0.332273632288, 0.317924022675, 0.0451375022531
100, 119, 110, 7.25370931625, 6.85345125198, -0.0233240090311
100, 119, 111, 0.284485697746, 0.300664812326, 0.0376464240253
100, 119, 112, 0.263764083385, 0.216175362468, 0.0218837447464
100, 119, 113, 0.00892243441194, 0.232658475637, 0.00435913726687
100, 119, 114, 0.0337877497077, -0.351036190987, -0.00494660204276
100, 119, 115, -2.35356760025, -2.55296754837, -0.017441470176
100, 119, 116, 0.305818229914, 0.0934561789036, 0.0107399923727
100, 119, 117, 6.07363700867, 3.53295469284, -0.00224223081023
100, 119, 118, 0.433325469494, 0.289577364922, 0.0460430346429
100, 119, 119, 0.601742386818, 0.532684266567, -0.000639791367576
100, 119, 120, 0.363335311413, 0.3128079772, 0.0379403941333
100, 119, 121, 0.329110652208, -0.0592069812119, 0.000875597004779
100, 119, 122, 0.356067359447, 0.288107544184, -0.0235935002565
100, 119, 123, 0.37915173173, 0.300739169121, 0.0663891136646
100, 119, 124, 0.306782394648, 0.274499624968, 0.0168260689825
100, 119, 125, 0.281203985214, 0.161286473274, -0.00502798054367
100, 119, 126, 0.312975496054, 0.296125024557, -0.0339471884072
100, 119, 127, 0.295728236437, 0.363444954157, 0.0329570323229
100, 119, 128, 0.286393940449, 0.0858180969954, 0.0111186783761
100, 119, 129, 0.224084585905, 0.226495176554, 0.0293688047677
100, 119, 130, 0.526212692261, 0.364196717739, -0.034658420831
100, 119, 131, 0.354620248079, 0.157584115863, 0.0185757558793
100, 119, 132, 0.262046873569, 0.0826542079449, 0.00827791821212
100, 119, 133, 0.258294045925, 0.24869517982, -0.0205649062991
100, 119, 134, 0.317296802998, 0.417211771011, -0.030689150095
100, 119, 135, 0.450216829777, 0.366028189659, -0.0068022669293
100, 119, 136, 0.433562040329, 0.572675704956, -0.0346551239491
100, 119, 137, 0.354099422693, 0.197379469872, 0.0275398604572
100, 119, 138, 0.439650952816, 0.588670015335, -0.0380619466305
100, 119, 139, 0.297238200903, 0.323256850243, 0.0552103184164
100, 119, 140, 0.374388515949, 0.324568480253, 0.0884671360254
100, 119, 141, 0.308159410954, 0.224717244506, 0.0426807887852
100, 119, 142, 0.224876999855, 0.0558803826571, 0.00219356105663
100, 119, 143, 0.456741631031, 0.340885281563, -0.0753568783402
100, 119, 144, 0.125825420022, 0.10697221756, 0.0101485680789
100, 119, 145, 0.313861459494, 0.181558713317, 0.0208815876395
100, 119, 146, 0.153331831098, 0.0258201137185, 0.00169826997444
100, 119, 147, 0.106895834208, 0.415126413107, 0.00522868195549
100, 119, 148, 0.336372107267, 0.00891211442649, -0.000296735088341
100, 119, 149, 0.149729892612, 0.307328134775, 0.017121847719
100, 120, 100, 1.03942334652, 0.71638071537, -0.0163407158107
100, 120, 101, 0.111477322876, -0.0859049037099, -0.00280270236544
100, 120, 102, 0.369744420052, 0.333878785372, 0.0585162416101
100, 120, 103, 0.330395042896, 0.364962637424, 0.0755774602294
100, 120, 104, 0.375452905893, 0.301014780998, 0.068224221468
100, 120, 105, 0.114929281175, 0.713820695877, 0.00909473840147
100, 120, 106, 0.42469009757, 0.384620338678, -0.0897122621536
100, 120, 107, 0.314305663109, 0.264173954725, 0.0229032561183
100, 120, 108, -22.9711494446, -6.34910058975, 0.00250489078462
100, 120, 109, 0.379208683968, 0.372561365366, 0.093518666923
100, 120, 110, 0.438742756844, 0.17403948307, 0.0211446005851
100, 120, 111, 0.322794705629, 0.379884690046, 0.043439950794
100, 120, 112, 0.622083306313, 0.690012574196, -0.0337299890816
100, 120, 113, 0.431787282228, 0.264001101255, 0.0194633547217
100, 120, 114, -0.0895994380116, 0.313495516777, 0.0123798754066
100, 120, 115, 0.29335218668, 0.213317677379, 0.0391019694507
100, 120, 116, 0.446068942547, 0.231330409646, -0.017846269533
100, 120, 117, 0.421438217163, 0.377182006836, -0.0682042017579
100, 120, 118, 0.321973264217, 0.267486333847, 0.036400899291
100, 120, 119, -0.250383138657, -0.388570338488, -0.00414134655148
100, 120, 120, 0.263469874859, 0.220336720347, 0.0296608265489
100, 120, 121, 0.412671685219, 0.354485034943, 0.0773571059108
100, 120, 122, 0.918049633503, 1.64575695992, -0.0286206137389
100, 120, 123, 0.411608189344, 0.327045708895, 0.0707866251469
100, 120, 124, 0.106056161225, 0.207343772054, 0.0214561540633
100, 120, 125, 0.558199524879, 0.414056658745, -0.0364327691495
100, 120, 126, 0.40860876441, 0.406208902597, 0.045505721122
100, 120, 127, 0.375522524118, 0.31086564064, 0.0179371498525
100, 120, 128, 0.823469400406, 0.821102321148, -0.0325642414391
100, 120, 129, 0.378443598747, 0.291081100702, 0.0717838183045
100, 120, 130, 0.410401403904, 0.234878003597, 0.0516045168042
100, 120, 131, 0.307083040476, 0.397257655859, -0.0313905701041
100, 120, 132, 0.406582325697, 0.215029254556, 0.0273641124368
100, 120, 133, 0.36518189311, 0.348733067513, 0.107404254377
100, 120, 134, 0.54174298048, 0.618081510067, 0.0278697814792
100, 120, 135, 0.326921254396, 0.583745062351, -0.0390312336385
100, 120, 136, 0.436642259359, 0.406275272369, 0.0282873362303
100, 120, 137, 0.684573888779, 0.710706353188, -0.0265175811946
100, 120, 138, 0.133539170027, 0.170119166374, 0.0140975313261
100, 120, 139, 0.628282368183, 0.382979422808, 0.0141102103516
100, 120, 140, 0.32294946909, 0.114539884031, 0.0140578029677
100, 120, 141, 0.37911427021, 0.369442611933, 0.0832148268819
100, 120, 142, 0.416805922985, 0.195599973202, 0.018536247313
100, 120, 143, 0.284554421902, 0.239905998111, 0.043831396848
100, 120, 144, 0.291062086821, 0.412375539541, 0.0418258197606
100, 120, 145, 0.302586972713, -0.000709455576725, -4.36843292846e-05
100, 120, 146, -0.976702153683, -1.03903377056, 0.00996664725244
100, 120, 147, 0.642868459225, 0.167560607195, 0.0056713046506
100, 120, 148, 0.288947075605, 0.273270428181, 0.0487930215895
100, 120, 149, 0.179117456079, -0.446581065655, -0.00434322375804
100, 121, 100, 0.429481863976, 0.448590070009, 0.0280307419598
100, 121, 101, 0.381050974131, 0.282785713673, -0.0231455378234
100, 121, 102, 0.359083086252, 0.273772597313, 0.0648566111922
100, 121, 103, 0.466827630997, 0.334489792585, -0.0291067101061
100, 121, 104, 0.461227089167, 0.460426211357, 0.0436630435288
100, 121, 105, 0.213510110974, 0.283867508173, 0.0352556481957
100, 121, 106, 0.244543671608, 0.239699453115, 0.0200825743377
100, 121, 107, 0.515171349049, 0.395986109972, -0.021858677268
100, 121, 108, 0.390611767769, 0.302242189646, 0.0187648888677
100, 121, 109, 0.333381652832, 0.250972419977, 0.0617953762412
100, 121, 110, 0.0241683255881, 0.820744276047, 0.0116137405857
100, 121, 111, 0.336730003357, 0.193270742893, -0.0042396071367
100, 121, 112, 0.354760825634, 0.29200693965, 0.0375020727515
100, 121, 113, 0.290726512671, 0.228778749704, 0.0441640652716
100, 121, 114, 0.309352815151, 0.148367792368, -0.0125256786123
100, 121, 115, 0.275275379419, 0.316987633705, 0.0567461252213
100, 121, 116, 0.333713263273, 0.179738849401, 0.0194881539792
100, 121, 117, 0.0431909114122, 0.190334901214, 0.0154603673145
100, 121, 118, 0.333710879087, 0.263626724482, 0.0690680965781
100, 121, 119, 0.244412690401, 0.248826101422, 0.0116493040696
100, 121, 120, 0.396962791681, 0.358715832233, 0.0265122558922
100, 121, 121, 0.320741951466, 0.334943771362, 0.0673122182488
100, 121, 122, 0.590643584728, -1.15402340889, 0.00615592580289
100, 121, 123, 0.430195689201, 0.337823867798, 0.0815073400736
100, 121, 124, 0.343126803637, 0.330311715603, -0.0509177260101
100, 121, 125, 0.286538124084, 0.207276940346, 0.0323863774538
100, 121, 126, 0.392320394516, 0.360375672579, 0.0729182735085
100, 121, 127, 0.136286601424, 0.00369162135758, 0.000277574465144
100, 121, 128, 0.358897209167, 0.316780775785, 0.079085342586
100, 121, 129, 0.285521179438, 0.222457513213, 0.0202677603811
100, 121, 130, 0.507298529148, 0.480137914419, -0.0197392776608
100, 121, 131, 0.364601224661, 0.277606546879, 0.0455709211528
100, 121, 132, 0.356032013893, 0.369145482779, 0.1005673334
100, 121, 133, 0.399684548378, 0.196914732456, 0.0123220216483
100, 121, 134, 0.485855281353, 0.480672001839, -0.0596553683281
100, 121, 135, 0.607511103153, 0.0655770301819, 0.0014814567985
100, 121, 136, 0.406835079193, 0.339486390352, 0.0507890023291
100, 121, 137, 0.796691775322, 0.284339934587, 0.00402015633881
100, 121, 138, 0.394602835178, 0.464937329292, 0.0457783304155
100, 121, 139, 0.438629597425, 0.419851630926, 0.0486621670425
100, 121, 140, 0.155582427979, 0.154247313738, -0.0180663131177
100, 121, 141, 0.477804541588, 0.620099306107, 0.0335963070393
100, 121, 142, -0.334804266691, -2.6046667099, -0.0123839117587
100, 121, 143, 0.408645272255, 0.587509572506, 0.0347291454673
100, 121, 144, -4.18480682373, 64.7174301147, -0.0210734829307
100, 121, 145, 0.175824061036, 0.106504172087, 0.00921422801912
100, 121, 146, 0.311717689037, 0.290732353926, 0.0825620815158
100, 121, 147, 0.352758675814, 0.309322208166, 0.0309750065207
100, 121, 148, 0.623959004879, -0.493690282106, 0.00809282716364
100, 121, 149, 0.46281927824, 0.242639780045, 0.0134022897109
100, 122, 100, -0.945280969143, -0.372685432434, 0.00238798419014
100, 122, 101, 0.256598353386, 0.261548608541, -0.0276878010482
100, 122, 102, 0.464059025049, 0.413377612829, -0.0872339531779
100, 122, 103, -0.0749404206872, -0.0250390283763, -0.000243608403252
100, 122, 104, 434.093170166, 260.843139648, -0.0126629229635
100, 122, 105, 0.159633651376, 0.200235620141, 0.0263139754534
100, 122, 106, 1.24794435501, 1.06581509113, -0.0319554433227
100, 122, 107, 0.535090506077, 0.575486540794, -0.0313043408096
100, 122, 108, -0.153064370155, 0.0593565106392, 0.00170337129384
100, 122, 109, 0.221861600876, 0.473633021116, 0.0275260675699
100, 122, 110, 0.339302182198, 0.195355862379, 0.019110629335
100, 122, 111, 0.245718568563, 0.171037971973, 0.019231909886
100, 122, 112, 0.478799849749, 0.25305506587, -0.0215958859771
100, 122, 113, 2.17084097862, 1.62708556652, -0.0115636410192
100, 122, 114, -0.265583604574, -0.0837505832314, 0.00107184168883
100, 122, 115, -0.0513007752597, 0.212139248848, 0.00357633223757
100, 122, 116, 0.59845405817, 0.170617476106, 0.00678590824828
100, 122, 117, 0.0551584996283, 0.262258976698, -0.0141291180626
100, 122, 118, 0.350209951401, 0.0114066591486, -0.000301193387713
100, 122, 119, 0.330489575863, 0.387024313211, 0.0422614812851
100, 122, 120, 0.387363046408, 0.127981439233, 0.00520452531055
100, 122, 121, 0.459436714649, 0.302372634411, -0.0105031505227
100, 122, 122, 0.443725347519, 0.307181060314, 0.0244261883199
100, 122, 123, 0.398574620485, 0.261297494173, 0.0292486008257
100, 122, 124, 0.478247582912, 0.449251711369, -0.0297306794673
100, 122, 125, -0.269288867712, -0.115881279111, -0.0019039940089
100, 122, 126, 0.334398567677, 0.0902793854475, 0.00755647476763
100, 122, 127, 0.31818318367, 0.33501791954, 0.0405225157738
100, 122, 128, 0.0804202333093, 0.12715703249, 0.00853588152677
100, 122, 129, 0.328045785427, 0.291983991861, 0.0175454150885
100, 122, 130, 0.67071044445, 0.599600970745, -0.0294617470354
100, 122, 131, 0.212840393186, 0.169544994831, -0.018958741799
100, 122, 132, -0.0549352914095, 0.0834830254316, 0.00196651509032
100, 122, 133, 0.338683187962, 0.263083517551, 0.051534190774
100, 122, 134, 0.383910685778, 0.285528689623, 0.113826811314
100, 122, 135, -0.27292495966, -0.174098268151, -0.00238812505268
100, 122, 136, 15.7516918182, 15.1947078705, -0.0110794780776
100, 122, 137, 0.57486474514, 0.368308991194, -0.0345162898302
100, 122, 138, 0.411531209946, 0.246922522783, 0.0240253433585
100, 122, 139, 0.316591113806, 0.271778911352, 0.0820028930902
100, 122, 140, 0.453882455826, 0.106884516776, -0.00208745617419
100, 122, 141, 0.445292204618, 0.229215040803, 0.032346252352
100, 122, 142, 0.440317779779, 0.444701850414, 0.0444149784744
100, 122, 143, 0.365269422531, 0.347574710846, 0.0436471104622
100, 122, 144, 0.253050714731, 0.416572362185, 0.00983231887221
100, 122, 145, 0.145476534963, 0.250801533461, 0.0307236742228
100, 122, 146, -0.906679034233, 0.319463253021, 0.00341139291413
100, 122, 147, 0.50526034832, 0.400620996952, 0.0094301039353
100, 122, 148, 0.471910536289, 0.515609681606, 0.0560252256691
100, 122, 149, 0.432384461164, 0.35984736681, -0.044423058629
100, 123, 100, 0.276240617037, 0.254042387009, 0.0259690452367
100, 123, 101, 7.53421545029, -0.89166021347, 0.0010234619258
100, 123, 102, 0.349981188774, 0.306130230427, 0.0597127974033
100, 123, 103, 0.326976984739, 0.286979109049, 0.0819452628493
100, 123, 104, 0.0871433094144, 0.255108267069, 0.0188300106674
100, 123, 105, 0.450365722179, 0.305124372244, 0.0396154895425
100, 123, 106, -0.184259459376, 0.0022118834313, 9.6175543149e-05
100, 123, 107, 0.44935837388, 0.198082953691, -0.0210332516581
100, 123, 108, 0.364763766527, 0.350065857172, 0.0456793867052
100, 123, 109, -1.58809006214, -1.18954980373, 0.0108453873545
100, 123, 110, 0.441821873188, 0.305979073048, 0.0687851384282
100, 123, 111, 0.334751605988, 0.253044426441, -0.0205380655825
100, 123, 112, 0.284971535206, 0.317846536636, 0.0254824776202
100, 123, 113, 0.324150055647, 0.0532806329429, 0.00389022799209
100, 123, 114, 0.392896801233, 0.302645534277, 0.0397661104798
100, 123, 115, -0.097069606185, 0.368079543114, 0.0169057939202
100, 123, 116, 0.376977205276, 0.321359276772, 0.067441560328
100, 123, 117, 0.246451377869, 0.21622338891, 0.0347583442926
100, 123, 118, 0.319691509008, 0.232629418373, 0.0484158545732
100, 123, 119, 0.550211250782, 0.676210403442, -0.0124131720513
100, 123, 120, 0.317811697721, 0.312276244164, 0.0584224946797
100, 123, 121, 0.474401801825, 0.295839995146, 0.0255239456892
100, 123, 122, 0.0820167884231, 0.6695073843, 0.0118710929528
100, 123, 123, 0.387780487537, 0.374434918165, 0.0845788419247
100, 123, 124, 0.54815942049, 0.118818238378, -0.00266445451416
100, 123, 125, 0.379012495279, 0.704811573029, 0.0182540863752
100, 123, 126, 0.174688339233, 0.105989381671, -0.00259004859254
100, 123, 127, 0.212763935328, 0.17172755301, 0.0182827338576
100, 123, 128, 0.421110004187, 0.335223257542, 0.0571174621582
100, 123, 129, 0.370350629091, 0.362634003162, 0.0274993758649
100, 123, 130, 0.576931715012, 0.539076924324, 0.0333220548928
100, 123, 131, 0.372486501932, 0.370922416449, 0.121791854501
100, 123, 132, 0.176560759544, 0.15942402184, 0.0179159753025
100, 123, 133, 0.352161496878, 0.39230453968, 0.0366480648518
100, 123, 134, 0.378542333841, 0.223196744919, 0.0302382875234
100, 123, 135, 0.506166815758, 0.242957428098, 0.00915494654328
100, 123, 136, 0.38864839077, 0.256795138121, -0.0269033648074
100, 123, 137, 0.353374481201, 0.281449943781, 0.0188151374459
100, 123, 138, 0.303281068802, 0.348851054907, 0.0267072748393
100, 123, 139, 0.433489531279, 0.373044401407, 0.0647826418281
100, 123, 140, 0.133843690157, 0.241617143154, 0.0159304365516
100, 123, 141, 0.23103711009, 0.485829770565, -0.0322762317955
100, 123, 142, -24.7789287567, -34.3346328735, -0.0119924787432
100, 123, 143, 0.39877101779, 0.31798094511, -0.0298615545034
100, 123, 144, 0.757459461689, 0.732258856297, -0.0247453004122
100, 123, 145, 0.658751606941, 0.204554468393, 0.00942620448768
100, 123, 146, 0.325097680092, 0.300732910633, 0.0304093863815
100, 123, 147, 0.143135204911, -0.1234934479, -0.00603857822716
100, 123, 148, 0.325250267982, 0.250571995974, 0.00847236253321
100, 123, 149, 0.46470734477, 0.657566905022, 0.0225430130959
100, 124, 100, 0.207550868392, 0.235551014543, 0.0344021171331
100, 124, 101, 0.310961842537, 0.279368370771, 0.0570711381733
100, 124, 102, 0.278369724751, 0.291213661432, 0.0382802002132
100, 124, 103, 0.367029637098, 0.177563861012, -0.0153991533443
100, 124, 104, 0.363554626703, 0.3028011024, 0.077917098999
100, 124, 105, 0.27455919981, 0.289171427488, 0.0750104188919
100, 124, 106, 0.372719883919, 0.318040132523, 0.0893988311291
100, 124, 107, 0.262381851673, 0.117083273828, 0.0103896511719
100, 124, 108, 0.315754801035, 0.286705106497, 0.0625472739339
100, 124, 109, 0.375448942184, 0.58771032095, 0.0330161750317
100, 124, 110, 0.274269998074, 0.169484436512, 0.0209617987275
100, 124, 111, 0.347443729639, 0.317760497332, -0.00983333215117
100, 124, 112, 0.486471831799, 0.235972210765, 0.0151132326573
100, 124, 113, 0.525767028332, 0.3181604743, -0.0286775995046
100, 124, 114, 0.427361965179, 0.36442220211, 0.0348613336682
100, 124, 115, 0.355545699596, 0.271275430918, -0.0486125983298
100, 124, 116, 0.312407791615, 0.393461346626, 0.0297151673585
100, 124, 117, 0.279730647802, 0.515382349491, -0.0639419406652
100, 124, 118, 0.356336981058, 0.367628097534, 0.0938225239515
100, 124, 119, 0.0352518372238, 0.295644462109, 0.00770261930302
100, 124, 120, 0.362727969885, 0.328351408243, 0.0438388846815
100, 124, 121, 0.283044219017, 0.120344668627, 0.00888498034328
100, 124, 122, 0.416313290596, 0.367147117853, 0.0647367238998
100, 124, 123, 0.135513693094, 0.359426677227, -0.0165107697248
100, 124, 124, 0.354531377554, 0.364641726017, 0.045913785696
100, 124, 125, 0.407728612423, 0.7868668437, 0.0185040924698
100, 124, 126, 0.233989849687, 0.274633944035, 0.0583186969161
100, 124, 127, 0.5575543046, 0.462249904871, 0.0301264654845
100, 124, 128, 0.176619231701, 0.231927216053, 0.017682204023
100, 124, 129, 0.253530800343, 0.375528514385, -0.0172624513507
100, 124, 130, 0.593715369701, 0.456554591656, -0.0406902991235
100, 124, 131, 0.616824269295, 0.419001609087, -0.029606487602
100, 124, 132, 0.327749788761, 0.284039378166, 0.0424398891628
100, 124, 133, 0.241028174758, 0.328923285007, 0.0373811908066
100, 124, 134, 0.351366758347, 0.285468250513, 0.119157776237
100, 124, 135, 0.425250530243, 0.279877573252, 0.0568101555109
100, 124, 136, 0.318617910147, 0.303034186363, -0.0216896682978
100, 124, 137, 0.372883498669, 0.319676339626, 0.105662830174
100, 124, 138, 0.355261027813, 0.232886314392, 0.0569616258144
100, 124, 139, 0.369762092829, 0.258616894484, 0.0261197425425
100, 124, 140, 0.465166538954, 0.181814953685, -0.00898340716958
100, 124, 141, 0.0903484672308, 0.198999196291, 0.0135506913066
100, 124, 142, 0.465564191341, 0.0666358098388, 0.00235016574152
100, 124, 143, 0.286724537611, 0.248435348272, 0.0331363938749
100, 124, 144, 0.398389786482, 0.279443472624, 0.0578330680728
100, 124, 145, 0.35814961791, 0.304380357265, 0.0845404192805
100, 124, 146, 0.354558318853, 0.287698239088, 0.0929438099265
100, 124, 147, 0.421601086855, 0.290181457996, 0.0479412153363
100, 124, 148, 0.297591924667, 0.383116364479, 0.0737836286426
100, 124, 149, 0.310460656881, 0.165916755795, 0.0221805851907
100, 125, 100, 0.346884101629, 0.299162626266, 0.0625913366675
100, 125, 101, 7.46061754227, 4.08811664581, -0.00578502332792
100, 125, 102, 0.490312993526, 0.259256988764, -0.00424413289875
100, 125, 103, 0.356363385916, 0.301233559847, -0.0155462985858
100, 125, 104, 0.311171025038, 0.197574600577, 0.0221691057086
100, 125, 105, 0.39861613512, 0.245157033205, -0.0138909732923
100, 125, 106, 0.407250761986, 0.351922929287, 0.0431145988405
100, 125, 107, 0.255760461092, 0.201471358538, -0.0213986597955
100, 125, 108, 0.327402889729, 0.277852833271, 0.0371669232845
100, 125, 109, 0.390308797359, 0.316778182983, 0.0336817800999
100, 125, 110, 0.371310412884, 0.322382926941, 0.060726352036
100, 125, 111, 1.60420644283, 0.753437042236, -0.00567567022517
100, 125, 112, 0.470684409142, 0.344831585884, 0.0409180186689
100, 125, 113, 0.221897155046, 0.279006421566, 0.0436832606792
100, 125, 114, 0.325062513351, 0.233710795641, 0.0289409309626
100, 125, 115, 0.425832748413, 0.32151979208, 0.0589536242187
100, 125, 116, 0.34073266387, 0.282059550285, 0.0636861771345
100, 125, 117, 0.372459053993, 0.399008214474, 0.022797299549
100, 125, 118, 0.47261095047, 0.0337431617081, 0.00201560813002
100, 125, 119, 0.291981816292, 0.256614476442, 0.0441748090088
100, 125, 120, 0.639894008636, 0.566710948944, -0.00983202364296
100, 125, 121, 0.448742359877, 0.385236769915, 0.0489568635821
100, 125, 122, 0.30197840929, 0.352416157722, 0.051717042923
100, 125, 123, 0.45981785655, 0.568808078766, -0.0279609411955
100, 125, 124, 0.374651432037, 0.300355583429, 0.0705254375935
100, 125, 125, 0.300622701645, 0.247632548213, 0.0374941453338
100, 125, 126, 0.528914213181, 0.265463501215, -0.00795138347894
100, 125, 127, 0.744499266148, 0.266424506903, -0.00762392394245
100, 125, 128, 0.393572568893, 0.306077033281, 0.0228306334466
100, 125, 129, 0.33215752244, 0.258034557104, 0.0633395090699
100, 125, 130, 0.348161429167, 0.230564177036, 0.0327010639012
100, 125, 131, 0.395198881626, 0.732629597187, 0.0120973065495
100, 125, 132, 0.372443288565, 0.31611558795, 0.102688021958
100, 125, 133, 0.500706970692, 0.170614019036, 0.00826983433217
100, 125, 134, 0.318209499121, 0.33900052309, 0.0498344153166
100, 125, 135, 0.210956349969, 0.21827685833, 0.0200014617294
100, 125, 136, 0.370595633984, 0.334301620722, 0.108295038342
100, 125, 137, 0.489022225142, 0.391741842031, -0.0263173170388
100, 125, 138, 0.265115082264, 0.255581438541, 0.0311591271311
100, 125, 139, 0.289349496365, 0.288495063782, 0.0348455943167
100, 125, 140, 0.550703406334, 0.372653275728, 0.0214719306678
100, 125, 141, -0.416852921247, 2.41534256935, 0.00559211662039
100, 125, 142, 0.181383743882, 1.57915604115, -0.0100055607036
100, 125, 143, 0.293480962515, 0.213770702481, -0.0191174540669
100, 125, 144, 0.255247592926, 0.293982863426, 0.00870586372912
100, 125, 145, 1.12382948399, 0.330437153578, -0.00775480084121
100, 125, 146, 0.479314357042, 0.358687400818, 0.0393072552979
100, 125, 147, -0.418257147074, -0.225377172232, -0.00328354351223
100, 125, 148, 0.324292242527, 0.331156104803, 0.082867115736
100, 125, 149, 0.406351745129, 0.309813588858, 0.0421401895583
100, 126, 100, 0.375858604908, 0.306920677423, 0.0411712266505
100, 126, 101, 0.394933313131, 0.253317326307, 0.0420629754663
100, 126, 102, 0.379738241434, 0.298683136702, 0.0653129667044
100, 126, 103, 0.349591434002, 0.303836494684, 0.0645148232579
100, 126, 104, 0.351364940405, 0.376949340105, 0.0469695366919
100, 126, 105, 0.338636666536, 0.308621674776, 0.0581826344132
100, 126, 106, 0.275260657072, 0.27322307229, 0.0251919869334
100, 126, 107, 0.364667028189, 0.445465326309, -0.0207688268274
100, 126, 108, 0.389086276293, 0.32063293457, 0.0726464614272
100, 126, 109, 0.733402907848, 0.0876476019621, 0.0019594845362
100, 126, 110, 0.293949633837, 0.365364640951, -0.0234176889062
100, 126, 111, 0.430653750896, 0.288431853056, -0.042558029294
100, 126, 112, 0.080110013485, -0.0461954735219, -0.00120854470879
100, 126, 113, 0.367810279131, 0.16672834754, 0.0245647989213
100, 126, 114, 0.312828987837, 0.287640273571, -0.0201732590795
100, 126, 115, 0.384874284267, 0.306546479464, 0.0617576912045
100, 126, 116, 1.20609951019, 1.44174087048, -0.0346220918
100, 126, 117, 0.367719739676, 0.288946807384, 0.0546277798712
100, 126, 118, 1.07573854923, 0.844988048077, -0.0164948869497
100, 126, 119, 0.356462955475, 0.461265712976, 0.0434141084552
100, 126, 120, 0.41651892662, 0.334117025137, 0.0898886397481
100, 126, 121, 0.367963880301, 0.315993726254, 0.0819673910737
100, 126, 122, -56.8609962463, 41.1797523499, 0.00841274671257
100, 126, 123, 0.365485876799, 0.300997853279, -0.040548812598
100, 126, 124, 0.367323845625, 0.322060972452, 0.0235026236624
100, 126, 125, 0.234447225928, 0.152164295316, 0.019936228171
100, 126, 126, 0.401879608631, 0.350376784801, 0.0624916851521
100, 126, 127, 0.202398911119, 0.104711443186, -0.00714027835056
100, 126, 128, 0.354250848293, 0.250463068485, -0.0238076113164
100, 126, 129, 0.334549993277, 0.290365546942, 0.0159599836916
100, 126, 130, 0.415266364813, 0.472698926926, 0.0418432429433
100, 126, 131, 0.586983203888, 0.886967897415, -0.0246574375778
100, 126, 132, 0.328483194113, 0.258812189102, 0.0196979884058
100, 126, 133, 0.539408624172, 0.322086572647, 0.0259254667908
100, 126, 134, 0.248889878392, 0.0804669559002, 0.00353851052932
100, 126, 135, 0.435261964798, 0.392737329006, 0.0375805459917
100, 126, 136, 0.0812673866749, 0.757987320423, -0.0186268892139
100, 126, 137, 0.338102400303, 0.323635756969, 0.0383012667298
100, 126, 138, 0.384499430656, 0.318565547466, 0.122996121645
100, 126, 139, 0.427257090807, 0.28271868825, -0.0217687692493
100, 126, 140, 0.38888797164, 0.353510558605, 0.0512740090489
100, 126, 141, 0.457891523838, -0.00227652303874, -0.000110451168439
100, 126, 142, 0.475359529257, 0.259823024273, 0.0159166008234
100, 126, 143, 0.345647126436, 0.247569262981, 0.0388473831117
100, 126, 144, 0.14305101335, -0.0801823735237, -0.00166820466984
100, 126, 145, 0.39568322897, 0.290034532547, 0.0763117596507
100, 126, 146, 0.324431121349, 0.384583353996, 0.0397457145154
100, 126, 147, 0.389041036367, 0.341345340014, -0.0341853834689
100, 126, 148, 0.351195752621, 0.348056942225, 0.0448174700141
100, 126, 149, 0.426364064217, 0.329291254282, 0.0919397324324
100, 127, 100, 1.323392272, -3.13231444359, -0.00975956674665
100, 127, 101, 0.281922996044, 0.113682471216, 0.00430313311517
100, 127, 102, 0.240110039711, 0.441813677549, -0.028572184965
100, 127, 103, 0.0992712303996, -0.485062748194, -0.0100657017902
100, 127, 104, -0.15324100852, 1.86624693871, 0.00647299550474
100, 127, 105, 0.362887173891, 0.208057567477, 0.0193530842662
100, 127, 106, 0.382544904947, 0.466160446405, 0.0464660637081
100, 127, 107, 0.451053589582, 0.306469500065, 0.030914966017
100, 127, 108, 0.4636272192, 0.294903188944, 0.0371278077364
100, 127, 109, 0.408285081387, 0.345954060555, 0.0698384642601
100, 127, 110, 0.487181127071, 0.508136689663, -0.0461559779942
100, 127, 111, 0.339591294527, 0.272895544767, 0.0585626401007
100, 127, 112, 0.240736439824, 0.129152387381, -0.0040260204114
100, 127, 113, 0.359489023685, 0.331739008427, 0.094172373414
100, 127, 114, 0.44745823741, 0.277713835239, 0.0303428955376
100, 127, 115, 0.394719898701, 0.213338270783, 0.0124079920352
100, 127, 116, -0.150859639049, 0.00739190215245, 0.000126361424918
100, 127, 117, 0.362727105618, 0.174059018493, 0.0170548856258
100, 127, 118, 0.363479793072, 0.228731453419, 0.0226208753884
100, 127, 119, -0.265742331743, -0.694465696812, -0.0091044800356
100, 127, 120, 0.537188947201, 0.486683040857, 0.0462577156723
100, 127, 121, 0.483352720737, 0.101389653981, 0.00453318702057
100, 127, 122, 0.41645938158, 0.309788912535, 0.0694954022765
100, 127, 123, -0.526737511158, -2.84350609779, -0.00904497411102
100, 127, 124, 0.42555603385, 0.343636065722, 0.0878131240606
100, 127, 125, 0.1993406564, 0.167049437761, 0.0336039662361
100, 127, 126, 0.3363276124, 0.269903093576, 0.0521990470588
100, 127, 127, 0.372233331203, 0.345440715551, 0.039312556386
100, 127, 128, 1.6567710638, 3.28055119514, -0.0236976053566
100, 127, 129, 0.52292907238, 0.472813278437, 0.0221191775054
100, 127, 130, 0.304009765387, 0.348377883434, 0.045919187367
100, 127, 131, 0.117246054113, 0.0480031482875, 0.00558602483943
100, 127, 132, 0.288564562798, 0.30398952961, 46.8589019775
100, 127, 133, 0.289133965969, 0.304598122835, 59.1020812988
100, 127, 134, 0.289439588785, 0.304989874363, 62.8697013855
100, 127, 135, 0.289629369974, 0.305398225784, 63.6915016174
100, 127, 136, 0.289798408747, 0.305708318949, 63.8071365356
100, 127, 137, 0.290083944798, 0.306144416332, 63.6884880066
100, 127, 138, 0.290223777294, 0.306575745344, 63.6235351562
100, 127, 139, 0.290408223867, 0.306784421206, 63.4833869934
100, 127, 140, 0.290500819683, 0.307065844536, 63.4790611267
100, 127, 141, 0.290763288736, 0.30737182498, 63.596950531
100, 127, 142, 0.290807336569, 0.307654201984, 63.7139511108
100, 127, 143, 0.291028439999, 0.307867884636, 63.7360649109
100, 127, 144, 0.291197150946, 0.308024168015, 63.9500961304
100, 127, 145, 0.291391581297, 0.308321237564, 63.8254394531
100, 127, 146, 0.29132014513, 0.308513462543, 63.9684181213
100, 127, 147, 0.291579961777, 0.308625340462, 64.105140686
100, 127, 148, 0.291555821896, 0.308653831482, 64.2583465576
100, 127, 149, 0.291706651449, 0.308980345726, 64.3634567261
100, 128, 100, 0.291864395142, 0.309073656797, 57.2438049316
100, 128, 101, 0.291952162981, 0.309192955494, 57.377658844
100, 128, 102, 0.291919767857, 0.309281378984, 57.4602279663
100, 128, 103, 0.292121648788, 0.309309244156, 57.6481437683
100, 128, 104, 0.291994333267, 0.3095510602, 57.6519165039
100, 128, 105, 0.292167514563, 0.309709042311, 57.8755264282
